HMMER3/f [3.1b2 | February 2015]
NAME  SEED
LENG  139
ALPH  amino
RF    no
MM    no
CONS  yes
CS    no
MAP   yes
DATE  Tue Jul 14 15:11:46 2020
NSEQ  67
EFFN  0.633850
CKSUM 252335283
STATS LOCAL MSV      -10.0654  0.71076
STATS LOCAL VITERBI  -10.8664  0.71076
STATS LOCAL FORWARD   -4.2124  0.71076
HMM          A        C        D        E        F        G        H        I        K        L        M        N        P        Q        R        S        T        V        W        Y   
            m->m     m->i     m->d     i->m     i->i     d->m     d->d
  COMPO   2.65011  4.47217  2.77951  2.72314  3.15814  3.06555  3.82757  2.69632  2.64706  2.33734  3.69903  2.99219  3.25977  3.25470  2.90951  2.72026  2.92177  2.71120  4.45075  3.21474
          2.68618  4.42225  2.77519  2.73123  3.46354  2.40513  3.72494  3.29354  2.67741  2.69355  4.24690  2.90347  2.73739  3.18146  2.89801  2.37887  2.77519  2.98518  4.58477  3.61503
          0.07684  3.89802  2.92475  0.61958  0.77255  0.00000        *
      1   2.95432  4.50620  4.02884  3.62102  3.19971  3.81972  4.36063  2.37340  3.39008  1.79744  1.41537  3.90084  4.28036  3.77332  3.59763  3.30134  3.25932  2.37724  5.03786  3.79784      1 m - - -
          2.68618  4.42225  2.77519  2.73123  3.46354  2.40513  3.72494  3.29354  2.67741  2.69355  4.24690  2.90347  2.73739  3.18146  2.89801  2.37887  2.77519  2.98518  4.58477  3.61503
          0.03202  3.85320  4.57554  0.61958  0.77255  0.52600  0.89395
      2   2.84888  5.16609  1.17911  2.15727  4.48712  3.14682  3.78753  4.06557  2.83669  3.66517  4.57195  2.62139  3.79588  2.99232  3.38799  2.78955  3.17840  3.66905  5.74163  4.29292      2 d - - -
          2.68618  4.42225  2.77519  2.73123  3.46354  2.40513  3.72494  3.29354  2.67741  2.69355  4.24690  2.90347  2.73739  3.18146  2.89801  2.37887  2.77519  2.98518  4.58477  3.61503
          0.03202  3.85320  4.57554  0.61958  0.77255  0.52600  0.89395
      3   2.86365  4.93503  2.99278  2.62054  4.31253  3.41959  3.66222  3.74891  1.24586  3.31383  4.21653  2.95367  3.90957  2.83556  2.35854  2.88869  3.11315  3.42683  5.38655  4.13168      3 k - - -
          2.68618  4.42225  2.77519  2.73123  3.46354  2.40513  3.72494  3.29354  2.67741  2.69355  4.24690  2.90347  2.73739  3.18146  2.89801  2.37887  2.77519  2.98518  4.58477  3.61503
          0.03202  3.85320  4.57554  0.61958  0.77255  0.52600  0.89395
      4   2.83400  4.86390  3.17914  2.69453  4.14018  3.48120  3.65666  3.48567  1.30824  3.08825  3.82465  3.11896  3.92965  2.83091  2.34409  2.88493  3.07051  3.21896  5.30632  4.04545      4 k - - -
          2.68618  4.42225  2.77519  2.73123  3.46354  2.40513  3.72494  3.29354  2.67741  2.69355  4.24690  2.90347  2.73739  3.18146  2.89801  2.37887  2.77519  2.98518  4.58477  3.61503
          0.03202  3.85320  4.57554  0.61958  0.77255  0.52600  0.89395
      5   2.82430  4.77326  3.36029  2.85065  4.15261  3.44422  3.71314  3.57367  2.11771  3.13480  4.10098  3.21764  3.93481  2.90449  1.27255  2.90541  2.98454  3.28753  5.29426  4.07219      5 r - - -
          2.68618  4.42225  2.77519  2.73123  3.46354  2.40513  3.72494  3.29354  2.67741  2.69355  4.24690  2.90347  2.73739  3.18146  2.89801  2.37887  2.77519  2.98518  4.58477  3.61503
          0.03202  3.85320  4.57554  0.61958  0.77255  0.52600  0.89395
      6   2.96924  5.09400  0.94609  2.32358  4.46851  3.19637  3.91459  4.05237  2.99515  3.66423  4.64211  2.87890  3.84783  3.15385  3.50858  2.93392  3.30747  3.69368  5.64085  4.34485      6 d - - -
          2.68618  4.42225  2.77519  2.73123  3.46354  2.40513  3.72494  3.29354  2.67741  2.69355  4.24690  2.90347  2.73739  3.18146  2.89801  2.37887  2.77519  2.98518  4.58477  3.61503
          0.03202  3.85320  4.57554  0.61958  0.77255  0.52600  0.89395
      7   3.13385  4.60196  4.15846  3.79844  3.12872  3.95750  4.46023  2.33197  3.56637  0.89929  3.15808  4.07576  4.39632  3.93932  3.74550  3.52642  3.42906  2.36426  5.00080  3.71960      7 l - - -
          2.68618  4.42225  2.77519  2.73123  3.46354  2.40513  3.72494  3.29354  2.67741  2.69355  4.24690  2.90347  2.73739  3.18146  2.89801  2.37887  2.77519  2.98518  4.58477  3.61503
          0.03202  3.85320  4.57554  0.61958  0.77255  0.52600  0.89395
      8   3.13385  4.60196  4.15846  3.79844  3.12872  3.95750  4.46023  2.33197  3.56637  0.89929  3.15808  4.07576  4.39632  3.93932  3.74550  3.52642  3.42906  2.36426  5.00080  3.71960      8 l - - -
          2.68618  4.42225  2.77519  2.73123  3.46354  2.40513  3.72494  3.29354  2.67741  2.69355  4.24690  2.90347  2.73739  3.18146  2.89801  2.37887  2.77519  2.98518  4.58477  3.61503
          0.03202  3.85320  4.57554  0.61958  0.77255  0.52600  0.89395
      9   3.13385  4.60196  4.15846  3.79844  3.12872  3.95750  4.46023  2.33197  3.56637  0.89929  3.15808  4.07576  4.39632  3.93932  3.74550  3.52642  3.42906  2.36426  5.00080  3.71960      9 l - - -
          2.68618  4.42225  2.77519  2.73123  3.46354  2.40513  3.72494  3.29354  2.67741  2.69355  4.24690  2.90347  2.73739  3.18146  2.89801  2.37887  2.77519  2.98518  4.58477  3.61503
          0.03202  3.85320  4.57554  0.61958  0.77255  0.52600  0.89395
     10   2.86590  4.85064  2.89065  2.64533  4.01658  3.35355  3.80339  3.64460  2.46751  3.14885  4.17749  3.10480  3.90688  1.26871  2.75197  2.91458  3.16300  3.37555  5.29213  3.98468     10 q - - -
          2.68618  4.42225  2.77519  2.73123  3.46354  2.40513  3.72494  3.29354  2.67741  2.69355  4.24690  2.90347  2.73739  3.18146  2.89801  2.37887  2.77519  2.98518  4.58477  3.61503
          0.03202  3.85320  4.57554  0.61958  0.77255  0.52600  0.89395
     11   3.13385  4.60196  4.15846  3.79844  3.12872  3.95750  4.46023  2.33197  3.56637  0.89929  3.15808  4.07576  4.39632  3.93932  3.74550  3.52642  3.42906  2.36426  5.00080  3.71960     11 l - - -
          2.68618  4.42225  2.77519  2.73123  3.46354  2.40513  3.72494  3.29354  2.67741  2.69355  4.24690  2.90347  2.73739  3.18146  2.89801  2.37887  2.77519  2.98518  4.58477  3.61503
          0.03202  3.85320  4.57554  0.61958  0.77255  0.52600  0.89395
     12   2.70780  4.70339  2.69826  2.58189  4.06392  3.17131  3.90601  3.77035  2.80820  3.41947  4.37499  1.19263  3.82233  3.17890  3.16207  2.77583  3.08913  3.39451  5.37208  4.01378     12 n - - -
          2.68618  4.42225  2.77519  2.73123  3.46354  2.40513  3.72494  3.29354  2.67741  2.69355  4.24690  2.90347  2.73739  3.18146  2.89801  2.37887  2.77519  2.98518  4.58477  3.61503
          0.03202  3.85320  4.57554  0.61958  0.77255  0.52600  0.89395
     13   2.98521  4.36996  4.47569  3.95989  3.40376  4.22768  4.70918  1.65626  3.82610  1.85182  3.24614  4.23078  4.55936  4.11675  4.05702  3.58957  3.24922  1.22218  5.32132  4.10380     13 v - - -
          2.68618  4.42225  2.77519  2.73123  3.46354  2.40513  3.72494  3.29354  2.67741  2.69355  4.24690  2.90347  2.73739  3.18146  2.89801  2.37887  2.77519  2.98518  4.58477  3.61503
          0.03202  3.85320  4.57554  0.61958  0.77255  0.52600  0.89395
     14   2.83337  4.33882  4.23115  3.81504  3.47422  3.87669  4.60114  1.88062  3.65821  2.10768  3.39348  4.02941  4.36954  4.00814  3.88681  3.30358  3.16288  1.12128  5.32325  4.04450     14 v - - -
          2.68618  4.42225  2.77519  2.73123  3.46354  2.40513  3.72494  3.29354  2.67741  2.69355  4.24690  2.90347  2.73739  3.18146  2.89801  2.37887  2.77519  2.98518  4.58477  3.61503
          0.03202  3.85320  4.57554  0.61958  0.77255  0.52600  0.89395
     15   2.98410  4.82418  3.47282  2.98818  4.17388  3.47552  3.81093  3.71443  2.23051  3.23388  4.23476  3.34929  3.97922  3.03239  1.00824  3.06931  3.25148  3.43926  5.26485  4.10563     15 r - - -
          2.68618  4.42225  2.77519  2.73123  3.46354  2.40513  3.72494  3.29354  2.67741  2.69355  4.24690  2.90347  2.73739  3.18146  2.89801  2.37887  2.77519  2.98518  4.58477  3.61503
          0.03202  3.85320  4.57554  0.61958  0.77255  0.52600  0.89395
     16   2.95482  4.91742  3.12950  2.75484  4.29944  3.44614  3.74906  3.72755  1.06496  3.29695  4.25962  3.18009  3.94800  2.94177  2.42871  2.99818  3.20962  3.43650  5.36217  4.17224     16 k - - -
          2.68618  4.42225  2.77519  2.73123  3.46354  2.40513  3.72494  3.29354  2.67741  2.69355  4.24690  2.90347  2.73739  3.18146  2.89801  2.37887  2.77519  2.98518  4.58477  3.61503
          0.03202  3.85320  4.57554  0.61958  0.77255  0.52600  0.89395
     17   2.72655  4.48688  3.33167  3.16808  4.16457  3.17549  4.24697  3.70520  3.22377  3.33407  4.38323  3.47663  0.86425  3.61315  3.47132  2.89348  3.16664  3.35276  5.35622  4.28503     17 p - - -
          2.68618  4.42225  2.77519  2.73123  3.46354  2.40513  3.72494  3.29354  2.67741  2.69355  4.24690  2.90347  2.73739  3.18146  2.89801  2.37887  2.77519  2.98518  4.58477  3.61503
          0.03202  3.85320  4.57554  0.61958  0.77255  0.52600  0.89395
     18   2.74504  4.93042  2.58135  2.36759  4.28410  3.26942  3.68783  3.77596  2.13015  3.35716  4.22690  1.69741  3.82000  2.86845  2.74958  2.74851  3.03094  3.41800  5.48029  4.13028     18 n - - -
          2.68618  4.42225  2.77519  2.73123  3.46354  2.40513  3.72494  3.29354  2.67741  2.69355  4.24690  2.90347  2.73739  3.18146  2.89801  2.37887  2.77519  2.98518  4.58477  3.61503
          0.03202  3.85320  4.57554  0.61958  0.77255  0.52600  0.89395
     19   2.20906  4.15721  3.32279  3.04526  4.02509  2.98501  4.09766  3.19834  3.01592  3.06216  3.99524  3.25106  3.69862  3.38373  3.30291  2.33485  1.42331  2.82095  5.43957  4.19581     19 t - - -
          2.68618  4.42225  2.77519  2.73123  3.46354  2.40513  3.72494  3.29354  2.67741  2.69355  4.24690  2.90347  2.73739  3.18146  2.89801  2.37887  2.77519  2.98518  4.58477  3.61503
          0.03202  3.85320  4.57554  0.61958  0.77255  0.52600  0.89395
     20   2.70780  4.70339  2.69826  2.58189  4.06392  3.17131  3.90601  3.77035  2.80820  3.41947  4.37499  1.19263  3.82233  3.17890  3.16207  2.77583  3.08913  3.39451  5.37208  4.01378     20 n - - -
          2.68618  4.42225  2.77519  2.73123  3.46354  2.40513  3.72494  3.29354  2.67741  2.69355  4.24690  2.90347  2.73739  3.18146  2.89801  2.37887  2.77519  2.98518  4.58477  3.61503
          0.03202  3.85320  4.57554  0.61958  0.77255  0.52600  0.89395
     21   3.13385  4.60196  4.15846  3.79844  3.12872  3.95750  4.46023  2.33197  3.56637  0.89929  3.15808  4.07576  4.39632  3.93932  3.74550  3.52642  3.42906  2.36426  5.00080  3.71960     21 l - - -
          2.68618  4.42225  2.77519  2.73123  3.46354  2.40513  3.72494  3.29354  2.67741  2.69355  4.24690  2.90347  2.73739  3.18146  2.89801  2.37887  2.77519  2.98518  4.58477  3.61503
          0.03202  3.85320  4.57554  0.61958  0.77255  0.51739  0.90652
     22   2.99318  4.41275  4.40417  3.96826  3.35911  4.12878  4.70151  1.16767  3.79505  1.90742  3.25174  4.21018  4.52760  4.12448  4.00365  3.54811  3.28513  1.73202  5.29205  4.03529     22 i - - -
          2.68618  4.42225  2.77519  2.73123  3.46354  2.40513  3.72494  3.29354  2.67741  2.69355  4.24690  2.90347  2.73739  3.18146  2.89801  2.37887  2.77519  2.98518  4.58477  3.61503
          0.03183  3.85912  4.58146  0.61958  0.77255  0.52088  0.90140
     23   3.08013  4.45388  4.51312  4.01901  3.25328  4.29110  4.70043  1.26944  3.83285  1.61476  3.13146  4.28878  4.59874  4.13053  4.03357  3.67489  3.33792  1.80545  5.21915  3.98597     23 i - - -
          2.68618  4.42225  2.77519  2.73123  3.46354  2.40513  3.72494  3.29354  2.67741  2.69355  4.24690  2.90347  2.73739  3.18146  2.89801  2.37887  2.77519  2.98518  4.58477  3.61503
          0.03183  3.85912  4.58146  0.61958  0.77255  0.52088  0.90140
     24   3.14040  4.60669  4.16802  3.80791  3.13081  3.96510  4.46784  2.33425  3.57579  0.89181  3.15813  4.08467  4.40283  3.94732  3.75400  3.53457  3.43530  2.36810  5.00514  3.72534     24 l - - -
          2.68618  4.42225  2.77519  2.73123  3.46354  2.40513  3.72494  3.29354  2.67741  2.69355  4.24690  2.90347  2.73739  3.18146  2.89801  2.37887  2.77519  2.98518  4.58477  3.61503
          0.03183  3.85912  4.58146  0.61958  0.77255  0.52088  0.90140
     25   2.99059  4.83045  3.47990  2.99390  4.18166  3.48102  3.81492  3.72253  2.23246  3.24090  4.24152  3.35460  3.98434  3.03600  0.99898  3.07547  3.25752  3.44708  5.27017  4.11202     25 r - - -
          2.68618  4.42225  2.77519  2.73123  3.46354  2.40513  3.72494  3.29354  2.67741  2.69355  4.24690  2.90347  2.73739  3.18146  2.89801  2.37887  2.77519  2.98518  4.58477  3.61503
          0.03183  3.85912  4.58146  0.61958  0.77255  0.52088  0.90140
     26   1.23513  4.11247  3.43847  3.17016  4.05882  2.96016  4.19746  3.11779  3.16255  3.03572  4.00250  3.31560  3.69603  3.49607  3.43773  2.42814  2.42794  2.75063  5.50223  4.28624     26 a - - -
          2.68618  4.42225  2.77519  2.73123  3.46354  2.40513  3.72494  3.29354  2.67741  2.69355  4.24690  2.90347  2.73739  3.18146  2.89801  2.37887  2.77519  2.98518  4.58477  3.61503
          0.03219  3.84790  4.57025  0.61958  0.77255  0.52088  0.90140
     27   2.98523  4.40825  4.38803  3.95193  3.35258  4.11652  4.68746  1.18166  3.77851  1.90317  3.24697  4.19557  4.51685  4.10927  3.98845  3.53521  3.27746  1.73281  5.28289  4.02515     27 i - - -
          2.68618  4.42225  2.77519  2.73123  3.46354  2.40513  3.72494  3.29354  2.67741  2.69355  4.24690  2.90347  2.73739  3.18146  2.89801  2.37887  2.77519  2.98518  4.58477  3.61503
          0.03219  3.84790  4.57025  0.61958  0.77255  0.52088  0.90140
     28   3.12801  4.59774  4.14992  3.78997  3.12688  3.95069  4.45343  2.32996  3.55795  0.90605  3.15808  4.06780  4.39048  3.93217  3.73791  3.51914  3.42350  2.36086  4.99694  3.71448     28 l - - -
          2.68618  4.42225  2.77519  2.73123  3.46354  2.40513  3.72494  3.29354  2.67741  2.69355  4.24690  2.90347  2.73739  3.18146  2.89801  2.37887  2.77519  2.98518  4.58477  3.61503
          0.03219  3.84790  4.57025  0.61958  0.77255  0.52088  0.90140
     29   2.21659  4.17683  3.11008  2.90370  4.22547  2.37244  4.07721  3.69348  3.03900  3.37524  4.21735  3.14599  3.63272  3.34439  3.36440  1.33595  2.69513  3.15731  5.55294  4.30336     29 s - - -
          2.68618  4.42225  2.77519  2.73123  3.46354  2.40513  3.72494  3.29354  2.67741  2.69355  4.24690  2.90347  2.73739  3.18146  2.89801  2.37887  2.77519  2.98518  4.58477  3.61503
          0.03219  3.84790  4.57025  0.61958  0.77255  0.52088  0.90140
     30   2.73631  5.04982  2.47571  1.64132  4.34897  3.29354  3.62408  3.76060  2.13301  3.33187  4.17015  2.79704  3.79662  2.77722  2.79396  2.70710  2.98554  3.28203  5.52105  4.15490     30 e - - -
          2.68618  4.42225  2.77519  2.73123  3.46354  2.40513  3.72494  3.29354  2.67741  2.69355  4.24690  2.90347  2.73739  3.18146  2.89801  2.37887  2.77519  2.98518  4.58477  3.61503
          0.03253  3.83757  4.55992  0.61958  0.77255  0.51272  0.91346
     31   2.63804  4.74179  2.99086  2.29375  4.05369  3.38974  3.61492  3.36471  2.25947  3.03568  3.88817  2.97968  3.81990  2.78103  2.16077  2.68858  2.33382  3.10979  5.27226  3.98713     31 r - - -
          2.68618  4.42225  2.77519  2.73123  3.46354  2.40513  3.72494  3.29354  2.67741  2.69355  4.24690  2.90347  2.73739  3.18146  2.89801  2.37887  2.77519  2.98518  4.58477  3.61503
          0.03234  3.84327  4.56562  0.61958  0.77255  0.51600  0.90858
     32   2.94349  4.73196  3.33223  2.92854  2.52652  3.66491  1.90398  3.34758  2.76181  2.84406  3.87641  3.28875  4.08131  3.17970  3.06096  3.01513  3.18147  3.13164  4.13002  2.08247     32 h - - -
          2.68618  4.42225  2.77519  2.73123  3.46354  2.40513  3.72494  3.29354  2.67741  2.69355  4.24690  2.90347  2.73739  3.18146  2.89801  2.37887  2.77519  2.98518  4.58477  3.61503
          0.03234  3.84327  4.56562  0.61958  0.77255  0.51600  0.90858
     33   2.39774  4.24262  3.40290  3.15403  3.94379  3.08274  4.17349  3.06739  3.09642  2.93190  3.98464  3.36781  3.78434  3.49281  3.35627  2.59873  1.22239  2.76549  5.38418  4.16054     33 t - - -
          2.68618  4.42225  2.77519  2.73123  3.46354  2.40513  3.72494  3.29354  2.67741  2.69355  4.24690  2.90347  2.73739  3.18146  2.89801  2.37887  2.77519  2.98518  4.58477  3.61503
          0.03234  3.84327  4.56562  0.61958  0.77255  0.51600  0.90858
     34   2.84252  4.78558  3.42811  2.85696  4.01210  3.50300  3.68539  3.45952  2.09386  3.00830  3.82041  3.22744  3.95634  2.88091  1.32644  2.92467  3.09057  3.20917  5.22052  3.96367     34 r - - -
          2.68618  4.42225  2.77519  2.73123  3.46354  2.40513  3.72494  3.29354  2.67741  2.69355  4.24690  2.90347  2.73739  3.18146  2.89801  2.37887  2.77519  2.98518  4.58477  3.61503
          0.03243  3.84077  4.56311  0.61958  0.77255  0.50740  0.92145
     35   3.01113  4.43744  4.29851  3.91360  3.35722  4.03825  4.64672  1.11033  3.74121  1.94889  3.29696  4.16257  4.47222  4.09235  3.94075  3.53133  3.31088  1.84612  5.24249  3.97835     35 i - - -
          2.68618  4.42225  2.77519  2.73123  3.46354  2.40513  3.72494  3.29354  2.67741  2.69355  4.24690  2.90347  2.73739  3.18146  2.89801  2.37887  2.77519  2.98518  4.58477  3.61503
          0.03223  3.84676  4.56910  0.61958  0.77255  0.50005  0.93267
     36   2.97031  5.09527  0.94458  2.32416  4.46992  3.19712  3.91544  4.05400  2.99619  3.66567  4.64356  2.87954  3.84864  3.15469  3.50978  2.93486  3.30856  3.69519  5.64206  4.34607     36 d - - -
          2.68618  4.42225  2.77519  2.73123  3.46354  2.40513  3.72494  3.29354  2.67741  2.69355  4.24690  2.90347  2.73739  3.18146  2.89801  2.37887  2.77519  2.98518  4.58477  3.61503
          0.03199  3.85422  4.57657  0.61958  0.77255  0.50431  0.92615
     37   3.23541  4.64260  4.21365  3.92483  1.04206  3.92914  3.86960  2.76152  3.83236  2.13587  3.49449  3.99873  4.38826  4.00541  3.95659  3.50618  3.53660  2.75085  4.12438  2.49380     37 f - - -
          2.68618  4.42225  2.77519  2.73123  3.46354  2.40513  3.72494  3.29354  2.67741  2.69355  4.24690  2.90347  2.73739  3.18146  2.89801  2.37887  2.77519  2.98518  4.58477  3.61503
          0.03199  3.85422  4.57657  0.61958  0.77255  0.50431  0.92615
     38   2.64271  4.41973  3.31273  3.20993  4.35216  0.75783  4.33114  3.94750  3.38870  3.60388  4.57963  3.47708  3.81028  3.71433  3.62657  2.81413  3.12253  3.47936  5.45194  4.45350     38 g - - -
          2.68618  4.42225  2.77519  2.73123  3.46354  2.40513  3.72494  3.29354  2.67741  2.69355  4.24690  2.90347  2.73739  3.18146  2.89801  2.37887  2.77519  2.98518  4.58477  3.61503
          0.03199  3.85422  4.57657  0.61958  0.77255  0.50431  0.92615
     39   3.32570  4.70264  4.22133  3.84491  1.74822  4.11546  3.44689  3.09735  3.71542  2.49543  3.73012  3.83042  4.46065  3.83093  3.85938  3.47568  3.56108  3.00609  3.65543  1.17121     39 y - - -
          2.68618  4.42225  2.77519  2.73123  3.46354  2.40513  3.72494  3.29354  2.67741  2.69355  4.24690  2.90347  2.73739  3.18146  2.89801  2.37887  2.77519  2.98518  4.58477  3.61503
          0.03199  3.85422  4.57657  0.61958  0.77255  0.50431  0.92615
     40   2.97962  4.39221  4.38998  3.86061  1.89072  4.11566  4.29752  1.93274  3.74516  1.72393  3.04821  4.07845  4.42783  3.93304  3.92870  3.44872  3.22413  1.93226  4.73271  3.35357     40 l - - -
          2.68618  4.42225  2.77519  2.73123  3.46354  2.40513  3.72494  3.29354  2.67741  2.69355  4.24690  2.90347  2.73739  3.18146  2.89801  2.37887  2.77519  2.98518  4.58477  3.61503
          0.03214  3.84945  4.57180  0.61958  0.77255  0.50431  0.92615
     41   1.04746  4.18105  3.43962  3.23018  4.02983  3.00614  4.25489  3.15193  3.24585  3.03457  4.06917  3.38548  3.74321  3.58919  3.49779  2.53166  2.80744  2.81033  5.45930  4.25705     41 a - - -
          2.68618  4.42225  2.77519  2.73123  3.46354  2.40513  3.72494  3.29354  2.67741  2.69355  4.24690  2.90347  2.73739  3.18146  2.89801  2.37887  2.77519  2.98518  4.58477  3.61503
          0.03214  3.84945  4.57180  0.61958  0.77255  0.50431  0.92615
     42   2.23770  4.15435  3.29117  3.00324  4.04156  2.96399  4.06681  3.31787  2.99166  3.11713  4.01555  3.21933  3.67591  3.34700  3.29060  2.09613  1.51076  2.90594  5.43067  4.18539     42 t - - -
          2.68618  4.42225  2.77519  2.73123  3.46354  2.40513  3.72494  3.29354  2.67741  2.69355  4.24690  2.90347  2.73739  3.18146  2.89801  2.37887  2.77519  2.98518  4.58477  3.61503
          0.03214  3.84945  4.57180  0.61958  0.77255  0.50431  0.92615
     43   2.81697  5.27397  1.45031  2.05369  4.61277  3.02427  3.70707  4.12626  2.71023  3.65978  4.51074  2.26952  3.77062  2.87962  3.28009  2.73345  3.11698  3.70920  5.82374  4.34647     43 d - - -
          2.68618  4.42225  2.77519  2.73123  3.46354  2.40513  3.72494  3.29354  2.67741  2.69355  4.24690  2.90347  2.73739  3.18146  2.89801  2.37887  2.77519  2.98518  4.58477  3.61503
          0.03214  3.84945  4.57180  0.61958  0.77255  0.50431  0.92615
     44   2.71849  4.88260  2.66888  1.68533  4.08233  3.34883  3.65115  3.45994  2.36816  2.69344  3.98256  2.88955  3.82967  2.77519  2.78449  2.73546  2.96501  3.17325  5.35975  4.01733     44 e - - -
          2.68618  4.42225  2.77519  2.73123  3.46354  2.40513  3.72494  3.29354  2.67741  2.69355  4.24690  2.90347  2.73739  3.18146  2.89801  2.37887  2.77519  2.98518  4.58477  3.61503
          0.03214  3.84945  4.57180  0.61958  0.77255  0.50431  0.92615
     45   3.21435  4.71266  3.80448  3.52979  2.29454  3.80350  3.60856  3.22683  3.38797  2.68663  3.90433  3.69547  4.27800  3.69954  3.57630  3.35325  3.50099  3.09633  3.93733  1.00494     45 y - - -
          2.68618  4.42225  2.77519  2.73123  3.46354  2.40513  3.72494  3.29354  2.67741  2.69355  4.24690  2.90347  2.73739  3.18146  2.89801  2.37887  2.77519  2.98518  4.58477  3.61503
          0.03214  3.84945  4.57180  0.61958  0.77255  0.50431  0.92615
     46   2.82287  4.46774  3.60130  3.12874  2.53645  3.69464  3.23107  2.95857  2.98232  2.55485  3.58121  3.42482  4.09079  3.31891  3.26011  3.00534  3.06520  2.42869  4.14687  1.70151     46 y - - -
          2.68618  4.42225  2.77519  2.73123  3.46354  2.40513  3.72494  3.29354  2.67741  2.69355  4.24690  2.90347  2.73739  3.18146  2.89801  2.37887  2.77519  2.98518  4.58477  3.61503
          0.03214  3.84945  4.57180  0.61958  0.77255  0.50431  0.92615
     47   2.97999  4.82020  3.46835  2.98459  4.16896  3.47205  3.80843  3.70931  2.22931  3.22945  4.23049  3.34595  3.97599  3.03013  1.01415  3.06543  3.24768  3.43431  5.26149  4.10159     47 r - - -
          2.68618  4.42225  2.77519  2.73123  3.46354  2.40513  3.72494  3.29354  2.67741  2.69355  4.24690  2.90347  2.73739  3.18146  2.89801  2.37887  2.77519  2.98518  4.58477  3.61503
          0.03214  3.84945  4.57180  0.61958  0.77255  0.50431  0.92615
     48   2.63702  4.41441  3.30605  3.20269  4.34482  0.76553  4.32412  3.93908  3.38080  3.59604  4.57182  3.47042  3.80481  3.70683  3.61912  2.80832  3.11647  3.47186  5.44578  4.44604     48 g - - -
          2.68618  4.42225  2.77519  2.73123  3.46354  2.40513  3.72494  3.29354  2.67741  2.69355  4.24690  2.90347  2.73739  3.18146  2.89801  2.37887  2.77519  2.98518  4.58477  3.61503
          0.03214  3.84945  4.57180  0.61958  0.77255  0.50431  0.92615
     49   2.63702  4.41441  3.30605  3.20269  4.34482  0.76553  4.32412  3.93908  3.38080  3.59604  4.57182  3.47042  3.80481  3.70683  3.61912  2.80832  3.11647  3.47186  5.44578  4.44604     49 g - - -
          2.68618  4.42225  2.77519  2.73123  3.46354  2.40513  3.72494  3.29354  2.67741  2.69355  4.24690  2.90347  2.73739  3.18146  2.89801  2.37887  2.77519  2.98518  4.58477  3.61503
          0.03232  3.84397  4.56632  0.61958  0.77255  0.50431  0.92615
     50   3.28939  4.67402  4.04832  3.74764  2.63871  3.69882  3.86606  3.31213  3.47061  2.71178  3.94721  3.90253  4.21427  3.85973  3.60385  3.49334  3.58844  3.20168  0.94479  2.64236     50 w - - -
          2.68618  4.42225  2.77519  2.73123  3.46354  2.40513  3.72494  3.29354  2.67741  2.69355  4.24690  2.90347  2.73739  3.18146  2.89801  2.37887  2.77519  2.98518  4.58477  3.61503
          0.03263  3.83449  4.55683  0.61958  0.77255  0.50431  0.92615
     51   3.00160  4.43171  4.28049  3.89535  3.34926  4.02451  4.63095  1.12625  3.72270  1.94379  3.29127  4.14605  4.45993  4.07529  3.92366  3.51665  3.30169  1.84666  5.23178  3.96638     51 i - - -
          2.68618  4.42225  2.77519  2.73123  3.46354  2.40513  3.72494  3.29354  2.67741  2.69355  4.24690  2.90347  2.73739  3.18146  2.89801  2.37887  2.77519  2.98518  4.58477  3.61503
          0.03263  3.83449  4.55683  0.61958  0.77255  0.49580  0.93926
     52   2.90541  4.95151  3.12433  2.67864  4.32835  3.47269  3.64231  3.73722  1.22490  3.26915  4.18430  3.10486  3.93095  2.80970  2.20870  2.93156  3.13255  3.43327  5.36075  4.14375     52 k - - -
          2.68618  4.42225  2.77519  2.73123  3.46354  2.40513  3.72494  3.29354  2.67741  2.69355  4.24690  2.90347  2.73739  3.18146  2.89801  2.37887  2.77519  2.98518  4.58477  3.61503
          0.03244  3.84045  4.56279  0.61958  0.77255  0.49914  0.93409
     53   2.95498  4.48324  4.13369  3.64976  3.13108  3.95861  4.37615  2.17775  3.41896  1.67476  1.64077  3.94253  4.34717  3.76936  3.63849  3.34162  3.23241  2.23924  5.02930  3.79795     53 m - - -
          2.68618  4.42225  2.77519  2.73123  3.46354  2.40513  3.72494  3.29354  2.67741  2.69355  4.24690  2.90347  2.73739  3.18146  2.89801  2.37887  2.77519  2.98518  4.58477  3.61503
          0.03298  3.82418  4.54653  0.61958  0.77255  0.49914  0.93409
     54   2.43038  4.27861  3.32772  2.94493  2.82159  3.21264  3.86848  3.02861  2.93243  2.73127  3.71944  3.24975  3.80903  3.25811  3.26076  1.62771  2.80235  2.75346  4.88187  3.44646     54 s - - -
          2.68618  4.42225  2.77519  2.73123  3.46354  2.40513  3.72494  3.29354  2.67741  2.69355  4.24690  2.90347  2.73739  3.18146  2.89801  2.37887  2.77519  2.98518  4.58477  3.61503
          0.03298  3.82418  4.54653  0.61958  0.77255  0.49914  0.93409
     55   2.69035  4.45472  3.29248  3.12528  4.12297  3.14501  4.20601  3.65678  3.17859  3.28856  4.33699  3.43640  0.92250  3.56889  3.42885  2.85654  3.12832  3.30758  5.32197  4.24328     55 p - - -
          2.68618  4.42225  2.77519  2.73123  3.46354  2.40513  3.72494  3.29354  2.67741  2.69355  4.24690  2.90347  2.73739  3.18146  2.89801  2.37887  2.77519  2.98518  4.58477  3.61503
          0.03298  3.82418  4.54653  0.61958  0.77255  0.48929  0.94950
     56   2.75462  5.06072  1.16760  2.21490  4.42511  3.14723  3.81739  3.90908  2.86411  3.55847  4.50601  2.76899  3.79592  3.03057  3.39519  2.79521  3.16748  3.54695  5.68467  4.28522     56 d - - -
          2.68618  4.42225  2.77519  2.73123  3.46354  2.40513  3.72494  3.29354  2.67741  2.69355  4.24690  2.90347  2.73739  3.18146  2.89801  2.37887  2.77519  2.98518  4.58477  3.61503
          0.03275  3.83115  4.55350  0.61958  0.77255  0.49311  0.94347
     57   2.10134  4.15388  3.17676  2.96493  4.11599  2.90273  4.08877  3.50324  3.03609  3.25567  4.15068  3.18009  3.64355  3.37222  3.33650  1.28704  2.69347  3.03144  5.49595  4.22350     57 s - - -
          2.68618  4.42225  2.77519  2.73123  3.46354  2.40513  3.72494  3.29354  2.67741  2.69355  4.24690  2.90347  2.73739  3.18146  2.89801  2.37887  2.77519  2.98518  4.58477  3.61503
          0.03275  3.83115  4.55350  0.61958  0.77255  0.49311  0.94347
     58   3.18874  4.69445  3.77781  3.50008  2.29633  3.78245  3.60129  3.20384  3.35879  2.66827  3.88336  3.67351  4.25757  3.67474  3.55070  3.32932  3.47540  3.07254  3.93829  1.03737     58 y - - -
          2.68618  4.42225  2.77519  2.73123  3.46354  2.40513  3.72494  3.29354  2.67741  2.69355  4.24690  2.90347  2.73739  3.18146  2.89801  2.37887  2.77519  2.98518  4.58477  3.61503
          0.03275  3.83115  4.55350  0.61958  0.77255  0.49311  0.94347
     59   3.10959  4.58452  4.12282  3.76322  3.12120  3.92904  4.43194  2.32387  3.53134  0.92783  3.15839  4.04261  4.37200  3.90958  3.71387  3.49614  3.40601  2.35033  4.98476  3.69830     59 l - - -
          2.68618  4.42225  2.77519  2.73123  3.46354  2.40513  3.72494  3.29354  2.67741  2.69355  4.24690  2.90347  2.73739  3.18146  2.89801  2.37887  2.77519  2.98518  4.58477  3.61503
          0.03275  3.83115  4.55350  0.61958  0.77255  0.49311  0.94347
     60   2.87755  4.78987  3.41411  2.88136  4.02029  3.48419  3.70931  3.51581  2.12426  2.95201  4.05953  3.24950  3.95489  2.91615  1.25794  2.95982  3.13125  3.26096  5.20954  3.96594     60 r - - -
          2.68618  4.42225  2.77519  2.73123  3.46354  2.40513  3.72494  3.29354  2.67741  2.69355  4.24690  2.90347  2.73739  3.18146  2.89801  2.37887  2.77519  2.98518  4.58477  3.61503
          0.03275  3.83115  4.55350  0.61958  0.77255  0.48120  0.96245
     61   2.39589  4.24073  3.39973  3.15080  3.94064  3.08094  4.17052  3.06379  3.09311  2.92843  3.98148  3.36512  3.78228  3.48971  3.35309  2.59684  1.22900  2.76228  5.38136  4.15741     61 t - - -
          2.68618  4.42225  2.77519  2.73123  3.46354  2.40513  3.72494  3.29354  2.67741  2.69355  4.24690  2.90347  2.73739  3.18146  2.89801  2.37887  2.77519  2.98518  4.58477  3.61503
          0.03263  3.83470  4.55704  0.61958  0.77255  0.48576  0.95510
     62   2.73009  4.87188  2.56461  2.37932  3.88205  3.25059  3.21700  3.74713  2.51872  3.30900  4.20184  1.62384  3.81777  2.92523  2.89646  2.74245  3.03067  3.39454  5.23866  3.77595     62 n - - -
          2.68618  4.42225  2.77519  2.73123  3.46354  2.40513  3.72494  3.29354  2.67741  2.69355  4.24690  2.90347  2.73739  3.18146  2.89801  2.37887  2.77519  2.98518  4.58477  3.61503
          0.03263  3.83470  4.55704  0.61958  0.77255  0.48576  0.95510
     63   2.30219  4.22769  3.18056  2.94949  3.93519  2.98353  4.03705  3.42336  2.96857  3.05601  4.09928  3.19891  3.69705  3.34058  3.26477  1.26736  2.76052  3.01075  5.34938  4.02084     63 s - - -
          2.68618  4.42225  2.77519  2.73123  3.46354  2.40513  3.72494  3.29354  2.67741  2.69355  4.24690  2.90347  2.73739  3.18146  2.89801  2.37887  2.77519  2.98518  4.58477  3.61503
          0.03263  3.83470  4.55704  0.61958  0.77255  0.48576  0.95510
     64   2.29747  4.21703  3.17462  2.98926  4.03900  2.94766  4.09986  3.55679  3.06046  3.28017  4.20986  3.21969  3.68348  3.41287  3.34723  1.14946  2.77488  3.10018  5.41465  4.12248     64 s - - -
          2.68618  4.42225  2.77519  2.73123  3.46354  2.40513  3.72494  3.29354  2.67741  2.69355  4.24690  2.90347  2.73739  3.18146  2.89801  2.37887  2.77519  2.98518  4.58477  3.61503
          0.03280  3.82960  4.55194  0.61958  0.77255  0.48576  0.95510
     65   2.86017  5.09114  2.29575  1.21199  4.41767  3.21476  3.76035  3.86195  2.66114  3.48272  4.40214  2.79687  3.81621  2.95645  3.11172  2.82164  3.15677  3.52031  5.61624  4.26253     65 e - - -
          2.68618  4.42225  2.77519  2.73123  3.46354  2.40513  3.72494  3.29354  2.67741  2.69355  4.24690  2.90347  2.73739  3.18146  2.89801  2.37887  2.77519  2.98518  4.58477  3.61503
          0.03310  3.82058  4.54292  0.61958  0.77255  0.48576  0.95510
     66   1.40044  4.13255  3.57921  3.24010  3.82588  3.09025  4.19974  2.71981  3.17860  2.71362  3.77551  3.40205  3.78220  3.51690  3.45351  2.53678  2.74902  2.20610  5.36866  4.13107     66 a - - -
          2.68618  4.42225  2.77519  2.73123  3.46354  2.40513  3.72494  3.29354  2.67741  2.69355  4.24690  2.90347  2.73739  3.18146  2.89801  2.37887  2.77519  2.98518  4.58477  3.61503
          0.03310  3.82058  4.54292  0.61958  0.77255  0.48576  0.95510
     67   2.75497  4.73434  3.19170  2.68928  3.94232  3.48150  3.67615  2.84693  1.52597  2.88045  3.86095  3.12288  3.91518  2.86490  2.47959  2.83936  2.99395  2.94549  5.22607  3.94979     67 k - - -
          2.68618  4.42225  2.77519  2.73123  3.46354  2.40513  3.72494  3.29354  2.67741  2.69355  4.24690  2.90347  2.73739  3.18146  2.89801  2.37887  2.77519  2.98518  4.58477  3.61503
          0.03310  3.82058  4.54292  0.61958  0.77255  0.48576  0.95510
     68   3.17405  4.68405  3.76243  3.48300  2.29775  3.77030  3.59729  3.19069  3.34201  2.65778  3.87141  3.66090  4.24583  3.66051  3.53597  3.31559  3.46076  3.05892  3.93921  1.05667     68 y - - -
          2.68618  4.42225  2.77519  2.73123  3.46354  2.40513  3.72494  3.29354  2.67741  2.69355  4.24690  2.90347  2.73739  3.18146  2.89801  2.37887  2.77519  2.98518  4.58477  3.61503
          0.03310  3.82058  4.54292  0.61958  0.77255  0.48576  0.95510
     69   2.89045  4.94518  2.97610  2.55493  4.32363  3.42571  3.65981  3.69828  1.24898  3.27180  4.19383  3.05911  3.90849  2.83257  2.35553  2.91272  3.12909  3.39687  5.38199  4.15600     69 k - - -
          2.68618  4.42225  2.77519  2.73123  3.46354  2.40513  3.72494  3.29354  2.67741  2.69355  4.24690  2.90347  2.73739  3.18146  2.89801  2.37887  2.77519  2.98518  4.58477  3.61503
          0.03310  3.82058  4.54292  0.61958  0.77255  0.48576  0.95510
     70   3.09800  4.57625  4.10565  3.74634  3.11772  3.91529  4.41838  2.32022  3.51455  0.94191  3.15883  4.02672  4.36030  3.89534  3.69868  3.48162  3.39504  2.34387  4.97711  3.68810     70 l - - -
          2.68618  4.42225  2.77519  2.73123  3.46354  2.40513  3.72494  3.29354  2.67741  2.69355  4.24690  2.90347  2.73739  3.18146  2.89801  2.37887  2.77519  2.98518  4.58477  3.61503
          0.03310  3.82058  4.54292  0.61958  0.77255  0.48576  0.95510
     71   2.68336  4.72697  3.08218  2.61176  4.10148  3.39191  3.65579  3.27083  1.57880  3.04177  3.94987  3.05193  3.85653  2.82857  2.48443  2.75154  2.61702  3.07728  5.30707  4.04330     71 k - - -
          2.68618  4.42225  2.77519  2.73123  3.46354  2.40513  3.72494  3.29354  2.67741  2.69355  4.24690  2.90347  2.73739  3.18146  2.89801  2.37887  2.77519  2.98518  4.58477  3.61503
          0.03839  3.82058  4.15103  0.61958  0.77255  0.48576  0.95510
     72   2.97088  4.65785  3.42805  3.05935  2.35413  3.71026  3.04697  3.26603  2.92416  2.78028  3.82434  3.19963  4.12762  3.29436  3.19924  3.06960  3.21380  3.06027  3.97604  1.46901     72 y - - -
          2.68618  4.42225  2.77519  2.73123  3.46354  2.40513  3.72494  3.29354  2.67741  2.69355  4.24690  2.90347  2.73739  3.18146  2.89801  2.37887  2.77519  2.98518  4.58477  3.61503
          0.03327  3.81546  4.53780  0.61958  0.77255  0.49018  0.94808
     73   2.22876  4.20114  3.20227  2.92810  3.98767  3.01121  4.01631  3.18623  2.90683  3.04044  3.96825  3.03772  3.70182  3.29093  3.20691  2.46833  1.51638  2.82225  5.38905  4.12846     73 t - - -
          2.68618  4.42225  2.77519  2.73123  3.46354  2.40513  3.72494  3.29354  2.67741  2.69355  4.24690  2.90347  2.73739  3.18146  2.89801  2.37887  2.77519  2.98518  4.58477  3.61503
          0.04068  3.81546  4.02629  0.61958  0.77255  0.49018  0.94808
     74   2.86153  5.30108  1.35420  1.88875  4.59659  3.14423  3.71341  4.08411  2.73339  3.64894  4.53283  2.64414  3.77167  2.89518  3.30093  2.76884  3.15937  3.69491  5.80528  4.34538     74 d - - -
          2.68618  4.42225  2.77519  2.73123  3.46354  2.40513  3.72494  3.29354  2.67741  2.69355  4.24690  2.90347  2.73739  3.18146  2.89801  2.37887  2.77519  2.98518  4.58477  3.61503
          0.03352  3.80829  4.53064  0.61958  0.77255  0.49630  0.93849
     75   2.79408  5.19094  1.46761  2.11197  4.33467  3.17766  3.19958  3.99239  2.64109  3.53025  4.38975  2.60348  3.77129  2.85817  3.17073  2.72535  3.08077  3.60541  5.61089  4.12826     75 d - - -
          2.68618  4.42225  2.77519  2.73123  3.46354  2.40513  3.72494  3.29354  2.67741  2.69355  4.24690  2.90347  2.73739  3.18146  2.89801  2.37887  2.77519  2.98518  4.58477  3.61503
          0.04192  3.81779  3.95911  0.61958  0.77255  0.49630  0.93849
     76   2.98205  4.42023  4.24305  3.85763  3.33317  3.99590  4.59844  1.15982  3.68441  1.93387  3.28012  4.11189  4.43448  4.04010  3.88830  3.48629  3.28291  1.84853  5.20988  3.94171     76 i - - -
          2.68618  4.42225  2.77519  2.73123  3.46354  2.40513  3.72494  3.29354  2.67741  2.69355  4.24690  2.90347  2.73739  3.18146  2.89801  2.37887  2.77519  2.98518  4.58477  3.61503
          0.03348  3.80934  4.53169  0.61958  0.77255  0.50346  0.92744
     77   2.67233  4.43860  3.27295  3.10403  4.10206  3.12975  4.18560  3.63250  3.15615  3.26574  4.31389  3.41639  0.95383  3.54692  3.40768  2.83817  3.10926  3.28495  5.30471  4.22235     77 p - - -
          2.68618  4.42225  2.77519  2.73123  3.46354  2.40513  3.72494  3.29354  2.67741  2.69355  4.24690  2.90347  2.73739  3.18146  2.89801  2.37887  2.77519  2.98518  4.58477  3.61503
          0.03348  3.80934  4.53169  0.61958  0.77255  0.50346  0.92744
     78   3.09391  4.57335  4.09958  3.74037  3.11651  3.91041  4.41360  2.31897  3.50861  0.94695  3.15902  4.02110  4.35615  3.89031  3.69331  3.47649  3.39117  2.34163  4.97441  3.68450     78 l - - -
          2.68618  4.42225  2.77519  2.73123  3.46354  2.40513  3.72494  3.29354  2.67741  2.69355  4.24690  2.90347  2.73739  3.18146  2.89801  2.37887  2.77519  2.98518  4.58477  3.61503
          0.03323  3.81684  4.53918  0.61958  0.77255  0.50346  0.92744
     79   1.20418  4.11380  3.34019  3.11851  4.02106  2.93264  4.16824  3.17786  3.13973  3.06865  4.03924  3.27803  3.67517  3.47985  3.40945  2.35955  2.70418  2.79754  5.45975  4.21262     79 a - - -
          2.68618  4.42225  2.77519  2.73123  3.46354  2.40513  3.72494  3.29354  2.67741  2.69355  4.24690  2.90347  2.73739  3.18146  2.89801  2.37887  2.77519  2.98518  4.58477  3.61503
          0.03323  3.81684  4.53918  0.61958  0.77255  0.50346  0.92744
     80   2.68139  4.44672  3.28277  3.11471  4.11259  3.13743  4.19586  3.64473  3.16743  3.27723  4.32551  3.42645  0.93787  3.55796  3.41833  2.84741  3.11884  3.29634  5.31341  4.23289     80 p - - -
          2.68618  4.42225  2.77519  2.73123  3.46354  2.40513  3.72494  3.29354  2.67741  2.69355  4.24690  2.90347  2.73739  3.18146  2.89801  2.37887  2.77519  2.98518  4.58477  3.61503
          0.03323  3.81684  4.53918  0.61958  0.77255  0.50346  0.92744
     81   1.82158  4.77689  2.21232  2.19162  4.19405  3.18705  3.71264  3.54672  2.62816  3.22272  4.08393  2.81526  3.75466  2.89878  3.10303  2.63615  2.91542  3.20136  5.48482  4.12639     81 a - - -
          2.68618  4.42225  2.77519  2.73123  3.46354  2.40513  3.72494  3.29354  2.67741  2.69355  4.24690  2.90347  2.73739  3.18146  2.89801  2.37887  2.77519  2.98518  4.58477  3.61503
          0.03323  3.81684  4.53918  0.61958  0.77255  0.50346  0.92744
     82   2.81579  4.81476  3.25297  2.69536  3.75121  3.52169  3.42277  3.49146  2.08402  3.03022  3.94151  3.11423  3.92346  2.79738  1.57678  2.86925  3.02680  3.21813  5.03351  3.38036     82 r - - -
          2.68618  4.42225  2.77519  2.73123  3.46354  2.40513  3.72494  3.29354  2.67741  2.69355  4.24690  2.90347  2.73739  3.18146  2.89801  2.37887  2.77519  2.98518  4.58477  3.61503
          0.04676  3.81684  3.74294  0.61958  0.77255  0.50346  0.92744
     83   3.07963  4.56323  4.07825  3.71951  3.11235  3.89325  4.39685  2.31476  3.48785  0.96485  3.15991  4.00143  4.34161  3.87272  3.67448  3.45853  3.37769  2.33390  4.96499  3.67190     83 l - - -
          2.68618  4.42225  2.77519  2.73123  3.46354  2.40513  3.72494  3.29354  2.67741  2.69355  4.24690  2.90347  2.73739  3.18146  2.89801  2.37887  2.77519  2.98518  4.58477  3.61503
          0.03367  3.80375  4.52610  0.61958  0.77255  0.51444  0.91090
     84   2.75936  5.18475  1.73345  2.10462  4.39798  3.18524  3.21812  3.97209  2.57750  3.50230  4.33963  2.20905  3.75620  2.81179  3.10599  2.69159  3.03466  3.58005  5.63182  4.16957     84 d - - -
          2.68618  4.42225  2.77519  2.73123  3.46354  2.40513  3.72494  3.29354  2.67741  2.69355  4.24690  2.90347  2.73739  3.18146  2.89801  2.37887  2.77519  2.98518  4.58477  3.61503
          0.03367  3.80375  4.52610  0.61958  0.77255  0.51444  0.91090
     85   3.17322  4.59586  4.14386  3.84669  1.13140  3.87630  3.85085  2.70697  3.75576  2.09376  3.44842  3.94265  4.33759  3.94318  3.89244  3.44579  3.47492  2.69232  4.12300  2.49974     85 f - - -
          2.68618  4.42225  2.77519  2.73123  3.46354  2.40513  3.72494  3.29354  2.67741  2.69355  4.24690  2.90347  2.73739  3.18146  2.89801  2.37887  2.77519  2.98518  4.58477  3.61503
          0.03367  3.80375  4.52610  0.61958  0.77255  0.51444  0.91090
     86   2.80237  5.07516  2.55517  1.76668  4.40289  3.31648  3.61494  3.80784  1.83793  3.35581  4.21574  2.83131  3.82043  2.77084  2.60716  2.77052  3.04383  3.46481  5.50778  4.18263     86 e - - -
          2.68618  4.42225  2.77519  2.73123  3.46354  2.40513  3.72494  3.29354  2.67741  2.69355  4.24690  2.90347  2.73739  3.18146  2.89801  2.37887  2.77519  2.98518  4.58477  3.61503
          0.03367  3.80375  4.52610  0.61958  0.77255  0.51444  0.91090
     87   2.28402  4.20260  3.14938  2.96362  4.00860  2.93388  4.07458  3.52266  3.03265  3.24886  4.18191  3.19839  3.66737  3.38777  3.31969  1.19967  2.75931  3.07291  5.38699  4.09214     87 s - - -
          2.68618  4.42225  2.77519  2.73123  3.46354  2.40513  3.72494  3.29354  2.67741  2.69355  4.24690  2.90347  2.73739  3.18146  2.89801  2.37887  2.77519  2.98518  4.58477  3.61503
          0.03367  3.80375  4.52610  0.61958  0.77255  0.51444  0.91090
     88   2.66908  4.66065  2.67538  2.55476  4.01363  3.13988  3.87011  3.71075  2.76892  3.36599  4.32292  1.28592  3.78915  3.14411  3.12004  2.73979  3.04952  3.33993  5.32772  3.96796     88 n - - -
          2.68618  4.42225  2.77519  2.73123  3.46354  2.40513  3.72494  3.29354  2.67741  2.69355  4.24690  2.90347  2.73739  3.18146  2.89801  2.37887  2.77519  2.98518  4.58477  3.61503
          0.03395  3.79554  4.51789  0.61958  0.77255  0.51444  0.91090
     89   2.90446  4.86114  3.07514  2.71365  4.22990  3.40011  3.72169  3.65480  1.14904  3.23779  4.20531  3.14082  3.90750  2.91898  2.42438  2.95265  3.16451  3.36760  5.31781  4.12018     89 k - - -
          2.68618  4.42225  2.77519  2.73123  3.46354  2.40513  3.72494  3.29354  2.67741  2.69355  4.24690  2.90347  2.73739  3.18146  2.89801  2.37887  2.77519  2.98518  4.58477  3.61503
          0.03395  3.79554  4.51789  0.61958  0.77255  0.51444  0.91090
     90   2.91009  5.02078  1.03508  2.29401  4.38833  3.15517  3.86841  3.95969  2.93883  3.58275  4.56114  2.84564  3.80279  3.10891  3.44290  2.88262  3.24776  3.60780  5.57177  4.27652     90 d - - -
          2.68618  4.42225  2.77519  2.73123  3.46354  2.40513  3.72494  3.29354  2.67741  2.69355  4.24690  2.90347  2.73739  3.18146  2.89801  2.37887  2.77519  2.98518  4.58477  3.61503
          0.03395  3.79554  4.51789  0.61958  0.77255  0.51444  0.91090
     91   3.21386  4.61492  3.97737  3.66581  2.59608  3.64707  3.81193  3.23589  3.39031  2.64325  3.87309  3.83081  4.15891  3.78213  3.53164  3.41816  3.51082  3.12411  1.05602  2.60254     91 w - - -
          2.68618  4.42225  2.77519  2.73123  3.46354  2.40513  3.72494  3.29354  2.67741  2.69355  4.24690  2.90347  2.73739  3.18146  2.89801  2.37887  2.77519  2.98518  4.58477  3.61503
          0.03932  3.79554  4.12972  0.61958  0.77255  0.51444  0.91090
     92   2.79198  4.77446  3.01157  2.63554  3.54517  3.41365  1.85412  3.52965  2.29368  3.06927  4.00387  3.07286  3.89105  2.90134  2.39130  2.84471  3.04518  3.24471  4.92592  3.47600     92 h - - -
          2.68618  4.42225  2.77519  2.73123  3.46354  2.40513  3.72494  3.29354  2.67741  2.69355  4.24690  2.90347  2.73739  3.18146  2.89801  2.37887  2.77519  2.98518  4.58477  3.61503
          0.03413  3.79036  4.51270  0.61958  0.77255  0.51868  0.90462
     93   3.13260  4.65486  3.71861  3.43459  2.30347  3.73569  3.58678  3.15363  3.29446  2.62829  3.83789  3.62521  4.21250  3.62029  3.49420  3.27679  3.41949  3.02061  3.94338  1.11425     93 y - - -
          2.68618  4.42225  2.77519  2.73123  3.46354  2.40513  3.72494  3.29354  2.67741  2.69355  4.24690  2.90347  2.73739  3.18146  2.89801  2.37887  2.77519  2.98518  4.58477  3.61503
          0.03413  3.79036  4.51270  0.61958  0.77255  0.51868  0.90462
     94   3.15693  4.58379  4.12516  3.82595  1.15657  3.86215  3.84637  2.69293  3.73547  2.08316  3.43680  3.92781  4.32417  3.92679  3.87547  3.42988  3.45885  2.67717  4.12350  2.50233     94 f - - -
          2.68618  4.42225  2.77519  2.73123  3.46354  2.40513  3.72494  3.29354  2.67741  2.69355  4.24690  2.90347  2.73739  3.18146  2.89801  2.37887  2.77519  2.98518  4.58477  3.61503
          0.03413  3.79036  4.51270  0.61958  0.77255  0.51868  0.90462
     95   2.27845  4.19652  3.13865  2.95285  3.99543  2.92809  4.06390  3.50793  3.02092  3.23541  4.17005  3.18943  3.66059  3.37727  3.30798  1.22211  2.75283  3.06119  5.37506  4.07903     95 s - - -
          2.68618  4.42225  2.77519  2.73123  3.46354  2.40513  3.72494  3.29354  2.67741  2.69355  4.24690  2.90347  2.73739  3.18146  2.89801  2.37887  2.77519  2.98518  4.58477  3.61503
          0.03996  3.79036  4.09940  0.61958  0.77255  0.51868  0.90462
     96   3.05892  4.54867  4.04709  3.68919  3.10654  3.86807  4.37251  2.30909  3.45768  0.99165  3.16174  3.97282  4.32034  3.84717  3.64706  3.43242  3.35823  2.32311  4.95135  3.65359     96 l - - -
          2.68618  4.42225  2.77519  2.73123  3.46354  2.40513  3.72494  3.29354  2.67741  2.69355  4.24690  2.90347  2.73739  3.18146  2.89801  2.37887  2.77519  2.98518  4.58477  3.61503
          0.03433  3.78473  4.50707  0.61958  0.77255  0.52324  0.89796
     97   3.15011  4.57875  4.11728  3.81724  1.16735  3.85617  3.84456  2.68708  3.72695  2.07878  3.43199  3.92158  4.31854  3.91992  3.86833  3.42320  3.45214  2.67085  4.12383  2.50355     97 f - - -
          2.68618  4.42225  2.77519  2.73123  3.46354  2.40513  3.72494  3.29354  2.67741  2.69355  4.24690  2.90347  2.73739  3.18146  2.89801  2.37887  2.77519  2.98518  4.58477  3.61503
          0.03990  3.78473  4.11073  0.61958  0.77255  0.52324  0.89796
     98   3.14360  4.57396  4.10973  3.80890  1.17775  3.85045  3.84285  2.68152  3.71880  2.07464  3.42744  3.91563  4.31315  3.91336  3.86152  3.41682  3.44573  2.66484  4.12420  2.50480     98 f - - -
          2.68618  4.42225  2.77519  2.73123  3.46354  2.40513  3.72494  3.29354  2.67741  2.69355  4.24690  2.90347  2.73739  3.18146  2.89801  2.37887  2.77519  2.98518  4.58477  3.61503
          0.03452  3.77935  4.50169  0.61958  0.77255  0.52755  0.89171
     99   2.87715  4.96127  2.45729  1.16609  4.29667  3.21746  3.79999  3.73209  2.66907  3.36568  4.34685  2.88855  3.81852  3.01959  3.06586  2.87104  3.18171  3.42674  5.48618  4.21165     99 e - - -
          2.68618  4.42225  2.77519  2.73123  3.46354  2.40513  3.72494  3.29354  2.67741  2.69355  4.24690  2.90347  2.73739  3.18146  2.89801  2.37887  2.77519  2.98518  4.58477  3.61503
          0.03452  3.77935  4.50169  0.61958  0.77255  0.52755  0.89171
    100   2.63690  4.40666  3.23454  3.06241  4.06050  3.09957  4.14545  3.58435  3.11215  3.22046  4.26834  3.37713  1.02063  3.50394  3.36599  2.80214  3.07181  3.24015  5.27029  4.18085    100 p - - -
          2.68618  4.42225  2.77519  2.73123  3.46354  2.40513  3.72494  3.29354  2.67741  2.69355  4.24690  2.90347  2.73739  3.18146  2.89801  2.37887  2.77519  2.98518  4.58477  3.61503
          0.03452  3.77935  4.50169  0.61958  0.77255  0.52755  0.89171
    101   2.95860  4.40700  4.19735  3.81197  3.31435  3.96082  4.55923  1.20171  3.63801  1.92301  3.26779  4.07045  4.40359  3.99768  3.84539  3.44948  3.26059  1.85223  5.18375  3.91197    101 i - - -
          2.68618  4.42225  2.77519  2.73123  3.46354  2.40513  3.72494  3.29354  2.67741  2.69355  4.24690  2.90347  2.73739  3.18146  2.89801  2.37887  2.77519  2.98518  4.58477  3.61503
          0.04336  3.77935  3.93221  0.61958  0.77255  0.52755  0.89171
    102   2.14835  4.25100  3.08324  2.85747  4.02239  2.99090  4.00282  3.34793  2.90715  3.07484  4.03933  3.15384  1.66886  3.27732  3.21602  2.49224  2.77305  2.97091  5.38828  4.14626    102 p - - -
          2.68618  4.42225  2.77519  2.73123  3.46354  2.40513  3.72494  3.29354  2.67741  2.69355  4.24690  2.90347  2.73739  3.18146  2.89801  2.37887  2.77519  2.98518  4.58477  3.61503
          0.03482  3.77080  4.49315  0.61958  0.77255  0.53432  0.88205
    103   2.88323  4.83635  3.05220  2.69706  4.19937  3.38022  3.71112  3.62300  1.18737  3.21214  4.18227  3.12488  3.89043  2.91079  2.42441  2.93380  3.14583  3.33763  5.29856  4.09776    103 k - - -
          2.68618  4.42225  2.77519  2.73123  3.46354  2.40513  3.72494  3.29354  2.67741  2.69355  4.24690  2.90347  2.73739  3.18146  2.89801  2.37887  2.77519  2.98518  4.58477  3.61503
          0.03482  3.77080  4.49315  0.61958  0.77255  0.53432  0.88205
    104   2.77111  4.71364  3.27470  2.79842  4.04581  3.38222  3.67992  3.54273  2.11754  3.11230  4.06949  3.16922  3.88426  2.88419  1.37911  2.79157  3.04966  3.24818  5.21823  3.96868    104 r - - -
          2.68618  4.42225  2.77519  2.73123  3.46354  2.40513  3.72494  3.29354  2.67741  2.69355  4.24690  2.90347  2.73739  3.18146  2.89801  2.37887  2.77519  2.98518  4.58477  3.61503
          0.03482  3.77080  4.49315  0.61958  0.77255  0.53432  0.88205
    105   2.27059  4.18782  3.12319  2.93747  3.97616  2.91982  4.04858  3.48645  3.00411  3.21589  4.15299  3.17663  3.65090  3.36231  3.29111  1.25569  2.74367  3.04415  5.35764  4.05987    105 s - - -
          2.68618  4.42225  2.77519  2.73123  3.46354  2.40513  3.72494  3.29354  2.67741  2.69355  4.24690  2.90347  2.73739  3.18146  2.89801  2.37887  2.77519  2.98518  4.58477  3.61503
          0.03482  3.77080  4.49315  0.61958  0.77255  0.53432  0.88205
    106   2.45141  1.78198  3.98141  3.54030  3.43921  3.31070  4.22983  2.43883  3.32455  2.35334  3.22879  3.63842  3.93215  3.67490  3.53054  2.75190  2.84707  2.24810  5.06082  3.79341    106 c - - -
          2.68618  4.42225  2.77519  2.73123  3.46354  2.40513  3.72494  3.29354  2.67741  2.69355  4.24690  2.90347  2.73739  3.18146  2.89801  2.37887  2.77519  2.98518  4.58477  3.61503
          0.03955  3.79810  4.11245  0.61958  0.77255  0.53432  0.88205
    107   2.67463  4.17251  3.14720  2.62489  3.98698  3.40134  3.47476  3.42213  1.54059  3.03075  3.91369  3.05858  3.84605  2.80642  2.45217  2.74374  2.92340  3.12275  5.20419  3.92299    107 k - - -
          2.68618  4.42225  2.77519  2.73123  3.46354  2.40513  3.72494  3.29354  2.67741  2.69355  4.24690  2.90347  2.73739  3.18146  2.89801  2.37887  2.77519  2.98518  4.58477  3.61503
          0.03405  3.79260  4.51495  0.61958  0.77255  0.53874  0.87583
    108   2.97967  4.39009  4.40496  3.90426  3.29920  4.16619  4.64062  1.29638  3.72996  1.81406  3.05395  4.17582  4.51138  4.04086  3.95085  3.53990  3.24946  1.71250  5.23994  4.01890    108 i - - -
          2.68618  4.42225  2.77519  2.73123  3.46354  2.40513  3.72494  3.29354  2.67741  2.69355  4.24690  2.90347  2.73739  3.18146  2.89801  2.37887  2.77519  2.98518  4.58477  3.61503
          0.03405  3.79260  4.51495  0.61958  0.77255  0.53874  0.87583
    109   2.91967  5.03301  1.01990  2.29846  4.40166  3.16182  3.87573  3.97504  2.94777  3.59619  4.57439  2.85075  3.81005  3.11593  3.45348  2.89082  3.25739  3.62199  5.58327  4.28776    109 d - - -
          2.68618  4.42225  2.77519  2.73123  3.46354  2.40513  3.72494  3.29354  2.67741  2.69355  4.24690  2.90347  2.73739  3.18146  2.89801  2.37887  2.77519  2.98518  4.58477  3.61503
          0.03363  3.80501  4.52736  0.61958  0.77255  0.53874  0.87583
    110   3.08101  4.56420  4.08031  3.72152  3.11275  3.89491  4.39846  2.31515  3.48986  0.96310  3.15981  4.00333  4.34301  3.87441  3.67630  3.46027  3.37898  2.33464  4.96590  3.67311    110 l - - -
          2.68618  4.42225  2.77519  2.73123  3.46354  2.40513  3.72494  3.29354  2.67741  2.69355  4.24690  2.90347  2.73739  3.18146  2.89801  2.37887  2.77519  2.98518  4.58477  3.61503
          0.03363  3.80501  4.52736  0.61958  0.77255  0.53874  0.87583
    111   2.97867  4.41829  4.23652  3.85109  3.33043  3.99090  4.59281  1.16574  3.67777  1.93223  3.27827  4.10595  4.43006  4.03401  3.88216  3.48102  3.27969  1.84896  5.20611  3.93744    111 i - - -
          2.68618  4.42225  2.77519  2.73123  3.46354  2.40513  3.72494  3.29354  2.67741  2.69355  4.24690  2.90347  2.73739  3.18146  2.89801  2.37887  2.77519  2.98518  4.58477  3.61503
          0.03363  3.80501  4.52736  0.61958  0.77255  0.53874  0.87583
    112   2.89724  4.99002  2.46425  1.12551  4.32828  3.23265  3.81577  3.76881  2.68798  3.39761  4.37635  2.89950  3.83455  3.03397  3.08848  2.88763  3.20155  3.46030  5.51275  4.23686    112 e - - -
          2.68618  4.42225  2.77519  2.73123  3.46354  2.40513  3.72494  3.29354  2.67741  2.69355  4.24690  2.90347  2.73739  3.18146  2.89801  2.37887  2.77519  2.98518  4.58477  3.61503
          0.03363  3.80501  4.52736  0.61958  0.77255  0.53874  0.87583
    113   2.75519  4.31814  4.03048  3.69312  3.50253  3.65232  4.50703  2.05943  3.55979  2.20250  3.47961  3.89330  4.21773  3.92519  3.77848  3.15288  3.11912  1.11479  5.27499  4.00167    113 v - - -
          2.68618  4.42225  2.77519  2.73123  3.46354  2.40513  3.72494  3.29354  2.67741  2.69355  4.24690  2.90347  2.73739  3.18146  2.89801  2.37887  2.77519  2.98518  4.58477  3.61503
          0.03363  3.80501  4.52736  0.61958  0.77255  0.53874  0.87583
    114   2.83797  5.08662  2.25371  1.26857  4.40740  3.19785  3.73699  3.84984  2.64330  3.46924  4.38112  2.76847  3.79820  2.93046  3.10181  2.79657  3.13290  3.50556  5.61176  4.24700    114 e - - -
          2.68618  4.42225  2.77519  2.73123  3.46354  2.40513  3.72494  3.29354  2.67741  2.69355  4.24690  2.90347  2.73739  3.18146  2.89801  2.37887  2.77519  2.98518  4.58477  3.61503
          0.03363  3.80501  4.52736  0.61958  0.77255  0.53874  0.87583
    115   2.72111  4.89090  2.54589  2.34000  3.97168  3.25713  3.18722  3.71286  2.41339  3.27822  4.15530  1.76366  3.80388  2.86667  2.81893  2.72622  3.00434  3.36665  5.28780  3.85487    115 n - - -
          2.68618  4.42225  2.77519  2.73123  3.46354  2.40513  3.72494  3.29354  2.67741  2.69355  4.24690  2.90347  2.73739  3.18146  2.89801  2.37887  2.77519  2.98518  4.58477  3.61503
          0.03363  3.80501  4.52736  0.61958  0.77255  0.53874  0.87583
    116   2.30603  4.31513  3.12122  2.91763  4.04954  3.03919  4.05892  3.42601  2.96916  3.12798  4.11762  3.21716  1.39301  3.34882  3.26584  2.57490  2.85842  3.05540  5.39806  4.16991    116 p - - -
          2.68618  4.42225  2.77519  2.73123  3.46354  2.40513  3.72494  3.29354  2.67741  2.69355  4.24690  2.90347  2.73739  3.18146  2.89801  2.37887  2.77519  2.98518  4.58477  3.61503
          0.03920  3.81931  4.10447  0.61958  0.77255  0.53874  0.87583
    117   2.78038  5.09485  2.52188  1.88449  4.39836  3.30974  3.60269  3.83048  2.19004  3.35768  4.20169  2.80365  3.80810  2.09395  2.65065  2.74203  3.01928  3.47809  5.51765  4.17152    117 e - - -
          2.68618  4.42225  2.77519  2.73123  3.46354  2.40513  3.72494  3.29354  2.67741  2.69355  4.24690  2.90347  2.73739  3.18146  2.89801  2.37887  2.77519  2.98518  4.58477  3.61503
          0.03334  3.81345  4.53580  0.61958  0.77255  0.54352  0.86917
    118   2.82344  5.11078  1.21931  2.15834  4.43091  3.13036  3.77432  4.00336  2.81936  3.61610  4.52931  2.63744  3.77748  2.98296  3.36068  2.77224  3.15420  3.61527  5.68859  4.25318    118 d - - -
          2.68618  4.42225  2.77519  2.73123  3.46354  2.40513  3.72494  3.29354  2.67741  2.69355  4.24690  2.90347  2.73739  3.18146  2.89801  2.37887  2.77519  2.98518  4.58477  3.61503
          0.03334  3.81345  4.53580  0.61958  0.77255  0.54352  0.86917
    119   2.38327  4.22778  3.37791  3.12871  3.91886  3.06861  4.15024  3.03889  3.07049  2.90442  3.95982  3.34669  3.76819  3.46862  3.33125  2.58402  1.27612  2.74019  5.36196  4.13588    119 t - - -
          2.68618  4.42225  2.77519  2.73123  3.46354  2.40513  3.72494  3.29354  2.67741  2.69355  4.24690  2.90347  2.73739  3.18146  2.89801  2.37887  2.77519  2.98518  4.58477  3.61503
          0.03334  3.81345  4.53580  0.61958  0.77255  0.54352  0.86917
    120   2.92825  5.04383  1.00657  2.30257  4.41348  3.16778  3.88234  3.98866  2.95584  3.60815  4.58621  2.85542  3.81657  3.12232  3.46297  2.89820  3.26603  3.63459  5.59346  4.29776    120 d - - -
          2.68618  4.42225  2.77519  2.73123  3.46354  2.40513  3.72494  3.29354  2.67741  2.69355  4.24690  2.90347  2.73739  3.18146  2.89801  2.37887  2.77519  2.98518  4.58477  3.61503
          0.03334  3.81345  4.53580  0.61958  0.77255  0.54352  0.86917
    121   3.18507  4.60469  4.15734  3.86170  1.11357  3.88651  3.85423  2.71726  3.77046  2.10160  3.45700  3.95340  4.34731  3.95508  3.90475  3.45734  3.48664  2.70339  4.12288  2.49814    121 f - - -
          2.68618  4.42225  2.77519  2.73123  3.46354  2.40513  3.72494  3.29354  2.67741  2.69355  4.24690  2.90347  2.73739  3.18146  2.89801  2.37887  2.77519  2.98518  4.58477  3.61503
          0.03334  3.81345  4.53580  0.61958  0.77255  0.54352  0.86917
    122   2.67656  4.66907  2.67959  2.55976  4.02352  3.14596  3.87692  3.72240  2.77635  3.37640  4.33298  1.26707  3.79553  3.15063  3.12808  2.74670  3.05713  3.35059  5.33643  3.97692    122 n - - -
          2.68618  4.42225  2.77519  2.73123  3.46354  2.40513  3.72494  3.29354  2.67741  2.69355  4.24690  2.90347  2.73739  3.18146  2.89801  2.37887  2.77519  2.98518  4.58477  3.61503
          0.03334  3.81345  4.53580  0.61958  0.77255  0.54352  0.86917
    123   3.16421  4.67710  3.75209  3.47153  2.29888  3.76213  3.59469  3.18188  3.33075  2.65076  3.86342  3.65244  4.23794  3.65097  3.52609  3.30638  3.45095  3.04981  3.93998  1.06992    123 y - - -
          2.68618  4.42225  2.77519  2.73123  3.46354  2.40513  3.72494  3.29354  2.67741  2.69355  4.24690  2.90347  2.73739  3.18146  2.89801  2.37887  2.77519  2.98518  4.58477  3.61503
          0.03928  3.81345  4.10734  0.61958  0.77255  0.54352  0.86917
    124   2.87351  4.01795  3.80472  3.38398  2.45748  3.66692  3.65065  2.91347  3.20250  2.51450  3.64235  3.57868  4.13342  3.52592  3.42950  3.07663  3.16593  2.74991  4.09217  1.36486    124 y - - -
          2.68618  4.42225  2.77519  2.73123  3.46354  2.40513  3.72494  3.29354  2.67741  2.69355  4.24690  2.90347  2.73739  3.18146  2.89801  2.37887  2.77519  2.98518  4.58477  3.61503
          0.03354  3.80770  4.53005  0.61958  0.77255  0.54817  0.86276
    125   2.29111  4.25431  3.10646  2.97584  4.21031  1.14509  4.15136  3.67128  3.14462  3.38815  4.31920  3.23445  3.68466  3.46816  3.42872  2.52850  2.84510  3.19819  5.47500  4.30750    125 g - - -
          2.68618  4.42225  2.77519  2.73123  3.46354  2.40513  3.72494  3.29354  2.67741  2.69355  4.24690  2.90347  2.73739  3.18146  2.89801  2.37887  2.77519  2.98518  4.58477  3.61503
          0.03924  3.80770  4.11769  0.61958  0.77255  0.54817  0.86276
    126   2.97647  4.41703  4.23225  3.84680  3.32864  3.98763  4.58913  1.16963  3.67342  1.93117  3.27707  4.10207  4.42717  4.03003  3.87813  3.47756  3.27758  1.84926  5.20365  3.93465    126 i - - -
          2.68618  4.42225  2.77519  2.73123  3.46354  2.40513  3.72494  3.29354  2.67741  2.69355  4.24690  2.90347  2.73739  3.18146  2.89801  2.37887  2.77519  2.98518  4.58477  3.61503
          0.03980  3.80218  4.09277  0.61958  0.77255  0.55259  0.85675
    127   2.76584  4.85229  3.02293  2.53130  4.17217  3.43567  3.59962  3.36477  1.50796  3.10421  3.99802  3.01609  3.87151  2.71735  2.36089  2.80215  2.92679  3.21478  5.31057  4.05144    127 k - - -
          2.68618  4.42225  2.77519  2.73123  3.46354  2.40513  3.72494  3.29354  2.67741  2.69355  4.24690  2.90347  2.73739  3.18146  2.89801  2.37887  2.77519  2.98518  4.58477  3.61503
          0.03393  3.79631  4.51866  0.61958  0.77255  0.55723  0.85048
    128   3.04911  4.44036  4.43194  3.92961  3.19738  4.23861  4.62090  1.40901  3.74423  1.51773  3.07913  4.21300  4.54458  4.04224  3.95236  3.61272  3.30396  1.83575  5.15727  3.92643    128 i - - -
          2.68618  4.42225  2.77519  2.73123  3.46354  2.40513  3.72494  3.29354  2.67741  2.69355  4.24690  2.90347  2.73739  3.18146  2.89801  2.37887  2.77519  2.98518  4.58477  3.61503
          0.03393  3.79631  4.51866  0.61958  0.77255  0.55723  0.85048
    129   2.85605  5.17824  1.24366  2.06240  4.50123  3.13925  3.75414  3.99338  2.78705  3.60095  4.51696  2.69511  3.77616  2.95308  3.33351  2.78827  3.16971  3.62188  5.72324  4.30789    129 d - - -
          2.68618  4.42225  2.77519  2.73123  3.46354  2.40513  3.72494  3.29354  2.67741  2.69355  4.24690  2.90347  2.73739  3.18146  2.89801  2.37887  2.77519  2.98518  4.58477  3.61503
          0.03393  3.79631  4.51866  0.61958  0.77255  0.55723  0.85048
    130   3.07153  4.55751  4.06609  3.70765  3.11005  3.88344  4.38733  2.31247  3.47606  0.97521  3.16055  3.99025  4.33331  3.86273  3.66378  3.44833  3.37006  2.32962  4.95965  3.66474    130 l - - -
          2.68618  4.42225  2.77519  2.73123  3.46354  2.40513  3.72494  3.29354  2.67741  2.69355  4.24690  2.90347  2.73739  3.18146  2.89801  2.37887  2.77519  2.98518  4.58477  3.61503
          0.03393  3.79631  4.51866  0.61958  0.77255  0.55723  0.85048
    131   2.66338  4.65418  2.67225  2.55104  4.00602  3.13523  3.86496  3.70184  2.76331  3.35804  4.31526  1.30056  3.78429  3.13922  3.11395  2.73455  3.04374  3.33178  5.32103  3.96109    131 n - - -
          2.68618  4.42225  2.77519  2.73123  3.46354  2.40513  3.72494  3.29354  2.67741  2.69355  4.24690  2.90347  2.73739  3.18146  2.89801  2.37887  2.77519  2.98518  4.58477  3.61503
          0.03393  3.79631  4.51866  0.61958  0.77255  0.55723  0.85048
    132   2.54562  4.59473  2.63840  2.48846  4.07623  3.10199  3.81686  3.59635  2.67526  3.28739  4.20817  1.56031  3.74813  3.05269  3.04056  2.62172  2.79808  3.21742  5.41334  4.03422    132 n - - -
          2.68618  4.42225  2.77519  2.73123  3.46354  2.40513  3.72494  3.29354  2.67741  2.69355  4.24690  2.90347  2.73739  3.18146  2.89801  2.37887  2.77519  2.98518  4.58477  3.61503
          0.03393  3.79631  4.51866  0.61958  0.77255  0.55723  0.85048
    133   1.12953  4.15751  3.38786  3.17786  3.97886  2.98360  4.20855  3.09327  3.19218  2.97809  4.02011  3.34591  3.71582  3.54088  3.44676  2.50936  2.78154  2.76105  5.41377  4.20593    133 a - - -
          2.68618  4.42225  2.77519  2.73123  3.46354  2.40513  3.72494  3.29354  2.67741  2.69355  4.24690  2.90347  2.73739  3.18146  2.89801  2.37887  2.77519  2.98518  4.58477  3.61503
          0.03393  3.79631  4.51866  0.61958  0.77255  0.55723  0.85048
    134   2.89039  4.98034  2.46177  1.13909  4.31762  3.22747  3.81034  3.75643  2.68149  3.38683  4.36635  2.89568  3.82908  3.02898  3.08077  2.88193  3.19477  3.44897  5.50379  4.22832    134 e - - -
          2.68618  4.42225  2.77519  2.73123  3.46354  2.40513  3.72494  3.29354  2.67741  2.69355  4.24690  2.90347  2.73739  3.18146  2.89801  2.37887  2.77519  2.98518  4.58477  3.61503
          0.04652  3.79631  3.77222  0.61958  0.77255  0.55723  0.85048
    135   2.82072  5.03108  2.37717  1.34947  4.34191  3.22062  3.71196  3.75221  2.46955  3.37387  4.29905  2.79754  3.80364  2.90297  2.93599  2.79419  3.10771  3.42726  5.54847  4.20028    135 e - - -
          2.68618  4.42225  2.77519  2.73123  3.46354  2.40513  3.72494  3.29354  2.67741  2.69355  4.24690  2.90347  2.73739  3.18146  2.89801  2.37887  2.77519  2.98518  4.58477  3.61503
          0.04034  3.78414  4.08586  0.61958  0.77255  0.56672  0.83790
    136   2.95782  4.40657  4.19582  3.81045  3.31374  3.95964  4.55792  1.20314  3.63646  1.92268  3.26740  4.06907  4.40256  3.99627  3.84395  3.44825  3.25985  1.85238  5.18289  3.91098    136 i - - -
          2.68618  4.42225  2.77519  2.73123  3.46354  2.40513  3.72494  3.29354  2.67741  2.69355  4.24690  2.90347  2.73739  3.18146  2.89801  2.37887  2.77519  2.98518  4.58477  3.61503
          0.03455  3.77836  4.50070  0.61958  0.77255  0.57116  0.83211
    137   2.95782  4.40657  4.19582  3.81045  3.31374  3.95964  4.55792  1.20314  3.63646  1.92268  3.26740  4.06907  4.40256  3.99627  3.84395  3.44825  3.25985  1.85238  5.18289  3.91098    137 i - - -
          2.68618  4.42225  2.77519  2.73123  3.46354  2.40513  3.72494  3.29354  2.67741  2.69355  4.24690  2.90347  2.73739  3.18146  2.89801  2.37887  2.77519  2.98518  4.58477  3.61503
          0.03455  3.77836  4.50070  0.61958  0.77255  0.57116  0.83211
    138   2.88970  4.84397  3.05918  2.70206  4.20875  3.38631  3.71427  3.63276  1.17551  3.22000  4.18929  3.12969  3.89563  2.91319  2.42427  2.93952  3.15150  3.34682  5.30446  4.10462    138 k - - -
          2.68618  4.42225  2.77519  2.73123  3.46354  2.40513  3.72494  3.29354  2.67741  2.69355  4.24690  2.90347  2.73739  3.18146  2.89801  2.37887  2.77519  2.98518  4.58477  3.61503
          0.03455  3.77836  4.50070  0.61958  0.77255  0.57116  0.83211
    139   2.63575  4.40562  3.23330  3.06107  4.05914  3.09859  4.14415  3.58278  3.11072  3.21899  4.26686  3.37586  1.02292  3.50255  3.36464  2.80097  3.07060  3.23869  5.26916  4.17950    139 p - - -
          2.68618  4.42225  2.77519  2.73123  3.46354  2.40513  3.72494  3.29354  2.67741  2.69355  4.24690  2.90347  2.73739  3.18146  2.89801  2.37887  2.77519  2.98518  4.58477  3.61503
          0.02339  3.76719        *  0.61958  0.77255  0.00000        *
//
