HMMER3/f [3.1b2 | February 2015]
NAME  SEED
LENG  133
ALPH  amino
RF    no
MM    no
CONS  yes
CS    no
MAP   yes
DATE  Tue Jul 14 15:11:45 2020
NSEQ  67
EFFN  0.568420
CKSUM 2727289772
STATS LOCAL MSV      -10.0260  0.71156
STATS LOCAL VITERBI  -10.7192  0.71156
STATS LOCAL FORWARD   -4.2503  0.71156
HMM          A        C        D        E        F        G        H        I        K        L        M        N        P        Q        R        S        T        V        W        Y   
            m->m     m->i     m->d     i->m     i->i     d->m     d->d
  COMPO   2.41654  4.51703  2.76605  2.68444  3.28300  2.88093  3.64859  2.72710  2.95015  2.41938  3.66946  3.19709  3.39020  3.24082  3.07970  2.68779  2.75785  2.40513  4.48782  3.72138
          2.68678  4.42195  2.77516  2.73111  3.46354  2.40511  3.72349  3.29411  2.67757  2.69364  4.24615  2.90354  2.73783  3.18109  2.89734  2.37919  2.77507  2.98467  4.58537  3.61495
          0.21964  1.84062  3.25781  2.91754  0.05558  0.00000        *
      1   2.90400  4.46798  4.04928  3.60261  3.16362  3.85030  4.34766  2.28757  3.37306  1.73500  1.60053  3.88183  4.28833  3.74133  3.59192  3.26151  3.20328  2.25420  5.03610  3.79226     46 m - - -
          2.68618  4.42225  2.77519  2.73123  3.46354  2.40513  3.72494  3.29354  2.67741  2.69355  4.24690  2.90347  2.73739  3.18146  2.89801  2.37887  2.77519  2.98518  4.58477  3.61503
          0.03254  3.83733  4.55967  0.61958  0.77255  0.50272  0.92858
      2   2.30092  4.22068  3.18097  2.99578  4.04654  2.95116  4.10626  3.56529  3.06750  3.28801  4.21691  3.22510  3.68757  3.41927  3.35417  1.13735  2.77887  3.10699  5.42154  4.13002     47 s - - -
          2.68618  4.42225  2.77519  2.73123  3.46354  2.40513  3.72494  3.29354  2.67741  2.69355  4.24690  2.90347  2.73739  3.18146  2.89801  2.37887  2.77519  2.98518  4.58477  3.61503
          0.03237  3.84237  4.56472  0.61958  0.77255  0.50557  0.92422
      3   2.20595  4.21405  3.90227  3.51784  3.65069  3.47290  4.39725  2.14935  3.42424  2.38591  3.55048  3.70621  4.07281  3.75902  3.67867  2.90154  2.94024  1.32081  5.34430  4.11053     48 v - - -
          2.68618  4.42225  2.77519  2.73123  3.46354  2.40513  3.72494  3.29354  2.67741  2.69355  4.24690  2.90347  2.73739  3.18146  2.89801  2.37887  2.77519  2.98518  4.58477  3.61503
          0.03237  3.84237  4.56472  0.61958  0.77255  0.50557  0.92422
      4   2.71289  4.47478  3.31689  3.15192  4.14893  3.16401  4.23153  3.68699  3.20672  3.31695  4.36581  3.46145  0.88553  3.59643  3.45531  2.87954  3.15218  3.33576  5.34336  4.26933     49 p - - -
          2.68618  4.42225  2.77519  2.73123  3.46354  2.40513  3.72494  3.29354  2.67741  2.69355  4.24690  2.90347  2.73739  3.18146  2.89801  2.37887  2.77519  2.98518  4.58477  3.61503
          0.03237  3.84237  4.56472  0.61958  0.77255  0.50557  0.92422
      5   3.09057  4.50166  4.40000  3.89214  1.85914  4.17519  4.19038  2.26537  3.75913  1.38599  3.00553  4.09468  4.46877  3.93240  3.93172  3.51584  3.33021  2.22458  4.54187  3.07594     50 l - - -
          2.68618  4.42225  2.77519  2.73123  3.46354  2.40513  3.72494  3.29354  2.67741  2.69355  4.24690  2.90347  2.73739  3.18146  2.89801  2.37887  2.77519  2.98518  4.58477  3.61503
          0.03237  3.84237  4.56472  0.61958  0.77255  0.50557  0.92422
      6   3.22068  4.63145  4.19733  3.90646  1.06230  3.91678  3.86494  2.74848  3.81434  2.12569  3.48336  3.98552  4.37633  3.99072  3.94149  3.49193  3.52195  2.73690  4.12361  2.49468     51 f - - -
          2.68618  4.42225  2.77519  2.73123  3.46354  2.40513  3.72494  3.29354  2.67741  2.69355  4.24690  2.90347  2.73739  3.18146  2.89801  2.37887  2.77519  2.98518  4.58477  3.61503
          0.03237  3.84237  4.56472  0.61958  0.77255  0.50557  0.92422
      7   2.89173  4.34602  4.33136  3.87070  3.45442  4.01797  4.64959  1.75306  3.72326  2.04211  3.33419  4.11023  4.44900  4.05167  3.95707  3.41786  3.19395  1.15366  5.33420  4.07993     52 v - - -
          2.68618  4.42225  2.77519  2.73123  3.46354  2.40513  3.72494  3.29354  2.67741  2.69355  4.24690  2.90347  2.73739  3.18146  2.89801  2.37887  2.77519  2.98518  4.58477  3.61503
          0.03237  3.84237  4.56472  0.61958  0.77255  0.50557  0.92422
      8   1.05804  4.17778  3.43265  3.22304  4.02298  3.00302  4.24856  3.14404  3.23854  3.02698  4.06249  3.38007  3.73945  3.58257  3.49087  2.52852  2.80382  2.80367  5.45316  4.25016     53 a - - -
          2.68618  4.42225  2.77519  2.73123  3.46354  2.40513  3.72494  3.29354  2.67741  2.69355  4.24690  2.90347  2.73739  3.18146  2.89801  2.37887  2.77519  2.98518  4.58477  3.61503
          0.03237  3.84237  4.56472  0.61958  0.77255  0.50557  0.92422
      9   2.81879  4.87722  2.80963  2.54734  4.07919  3.34743  3.72270  3.64069  2.31497  3.17067  4.14660  3.01757  3.88127  1.45695  2.63537  2.85128  3.09883  3.35225  5.32948  4.00533     54 q - - -
          2.68618  4.42225  2.77519  2.73123  3.46354  2.40513  3.72494  3.29354  2.67741  2.69355  4.24690  2.90347  2.73739  3.18146  2.89801  2.37887  2.77519  2.98518  4.58477  3.61503
          0.03237  3.84237  4.56472  0.61958  0.77255  0.50557  0.92422
     10   2.92725  5.03095  2.47626  1.06897  4.37353  3.25525  3.84002  3.82147  2.71682  3.44364  4.41947  2.91713  3.85855  3.05661  3.12219  2.91300  3.23141  3.50860  5.55081  4.27356     55 e - - -
          2.68618  4.42225  2.77519  2.73123  3.46354  2.40513  3.72494  3.29354  2.67741  2.69355  4.24690  2.90347  2.73739  3.18146  2.89801  2.37887  2.77519  2.98518  4.58477  3.61503
          0.03237  3.84237  4.56472  0.61958  0.77255  0.50557  0.92422
     11   2.98285  4.41415  4.34256  3.92385  3.34149  4.08438  4.65966  1.17447  3.74679  1.90894  3.25466  4.16894  4.49692  4.08771  3.95512  3.51731  3.27862  1.77306  5.26021  3.99151     56 i - - -
          2.68618  4.42225  2.77519  2.73123  3.46354  2.40513  3.72494  3.29354  2.67741  2.69355  4.24690  2.90347  2.73739  3.18146  2.89801  2.37887  2.77519  2.98518  4.58477  3.61503
          0.03237  3.84237  4.56472  0.61958  0.77255  0.50557  0.92422
     12   2.62862  4.40655  3.29619  3.19202  4.33395  0.77710  4.31374  3.92662  3.36915  3.58445  4.56028  3.46060  3.79671  3.69576  3.60811  2.79975  3.10754  3.46079  5.43664  4.43498     57 g - - -
          2.68618  4.42225  2.77519  2.73123  3.46354  2.40513  3.72494  3.29354  2.67741  2.69355  4.24690  2.90347  2.73739  3.18146  2.89801  2.37887  2.77519  2.98518  4.58477  3.61503
          0.03237  3.84237  4.56472  0.61958  0.77255  0.50557  0.92422
     13   2.83679  4.89782  3.18169  2.65114  3.96240  3.50269  2.47116  3.64272  2.06202  3.16199  4.04800  3.08546  3.91569  2.77727  1.71473  2.86744  3.04881  3.34191  5.15953  3.82533     58 r - - -
          2.68618  4.42225  2.77519  2.73123  3.46354  2.40513  3.72494  3.29354  2.67741  2.69355  4.24690  2.90347  2.73739  3.18146  2.89801  2.37887  2.77519  2.98518  4.58477  3.61503
          0.03237  3.84237  4.56472  0.61958  0.77255  0.50557  0.92422
     14   2.39729  4.24216  3.40213  3.15325  3.94303  3.08231  4.17277  3.06652  3.09562  2.93107  3.98387  3.36716  3.78384  3.49206  3.35550  2.59827  1.22398  2.76472  5.38350  4.15979     59 t - - -
          2.68618  4.42225  2.77519  2.73123  3.46354  2.40513  3.72494  3.29354  2.67741  2.69355  4.24690  2.90347  2.73739  3.18146  2.89801  2.37887  2.77519  2.98518  4.58477  3.61503
          0.03237  3.84237  4.56472  0.61958  0.77255  0.50557  0.92422
     15   2.79064  4.45894  3.62518  3.12038  3.33531  3.70518  3.96396  2.51622  2.54311  1.46907  3.24383  3.48930  4.10357  3.28435  3.02975  3.04707  3.03794  2.42113  4.97569  3.70718     60 l - - -
          2.68618  4.42225  2.77519  2.73123  3.46354  2.40513  3.72494  3.29354  2.67741  2.69355  4.24690  2.90347  2.73739  3.18146  2.89801  2.37887  2.77519  2.98518  4.58477  3.61503
          0.03237  3.84237  4.56472  0.61958  0.77255  0.50557  0.92422
     16   2.99671  4.36615  4.51265  3.97101  3.31111  4.25849  4.67785  1.44607  3.85322  1.80661  2.75107  4.24330  4.54965  4.09577  4.06562  3.60072  3.24418  1.53453  5.23969  4.07792     61 i - - -
          2.68618  4.42225  2.77519  2.73123  3.46354  2.40513  3.72494  3.29354  2.67741  2.69355  4.24690  2.90347  2.73739  3.18146  2.89801  2.37887  2.77519  2.98518  4.58477  3.61503
          0.03237  3.84237  4.56472  0.61958  0.77255  0.50557  0.92422
     17   2.68439  4.87828  1.77507  2.27436  4.44894  1.80658  3.80626  3.94745  2.80280  3.54169  4.40511  2.80371  3.75692  3.00447  3.31113  2.68819  3.03406  3.52189  5.66554  4.31099     62 d - - -
          2.68618  4.42225  2.77519  2.73123  3.46354  2.40513  3.72494  3.29354  2.67741  2.69355  4.24690  2.90347  2.73739  3.18146  2.89801  2.37887  2.77519  2.98518  4.58477  3.61503
          0.03237  3.84237  4.56472  0.61958  0.77255  0.50557  0.92422
     18   2.77335  4.99710  2.38411  1.34464  4.42978  2.68672  3.75165  3.88074  2.63862  3.47648  4.35400  2.80451  3.79437  2.93923  3.08896  2.75489  3.08072  3.50598  5.61957  4.27265     63 e - - -
          2.68618  4.42225  2.77519  2.73123  3.46354  2.40513  3.72494  3.29354  2.67741  2.69355  4.24690  2.90347  2.73739  3.18146  2.89801  2.37887  2.77519  2.98518  4.58477  3.61503
          0.03237  3.84237  4.56472  0.61958  0.77255  0.50557  0.92422
     19   2.73860  4.99865  2.13267  2.21610  4.34884  3.16013  3.74219  3.91041  2.69449  3.50507  4.37761  1.54656  3.77633  2.93807  3.18437  2.71570  3.05983  3.51779  5.61405  4.18896     64 n - - -
          2.68618  4.42225  2.77519  2.73123  3.46354  2.40513  3.72494  3.29354  2.67741  2.69355  4.24690  2.90347  2.73739  3.18146  2.89801  2.37887  2.77519  2.98518  4.58477  3.61503
          0.03237  3.84237  4.56472  0.61958  0.77255  0.50557  0.92422
     20   2.42215  4.60064  2.87841  1.92279  3.93648  3.32872  3.73812  3.06289  2.57065  2.89624  3.81418  2.99698  3.82108  2.93418  2.97914  2.67480  2.79966  2.40723  5.29664  3.99290     65 e - - -
          2.68618  4.42225  2.77519  2.73123  3.46354  2.40513  3.72494  3.29354  2.67741  2.69355  4.24690  2.90347  2.73739  3.18146  2.89801  2.37887  2.77519  2.98518  4.58477  3.61503
          0.03237  3.84237  4.56472  0.61958  0.77255  0.50557  0.92422
     21   3.28684  4.67202  4.04594  3.74489  2.63723  3.69709  3.86421  3.30955  3.46790  2.70945  3.94470  3.90012  4.21241  3.85712  3.60142  3.49080  3.58582  3.19905  0.94826  2.64097     66 w - - -
          2.68618  4.42225  2.77519  2.73123  3.46354  2.40513  3.72494  3.29354  2.67741  2.69355  4.24690  2.90347  2.73739  3.18146  2.89801  2.37887  2.77519  2.98518  4.58477  3.61503
          0.03237  3.84237  4.56472  0.61958  0.77255  0.50557  0.92422
     22   2.94609  4.49978  4.01733  3.60887  3.19543  3.81165  4.35100  2.36806  3.37846  1.79497  1.43686  3.88997  4.27240  3.76251  3.58724  3.29190  3.25097  2.37060  5.03203  3.79095     67 m - - -
          2.68618  4.42225  2.77519  2.73123  3.46354  2.40513  3.72494  3.29354  2.67741  2.69355  4.24690  2.90347  2.73739  3.18146  2.89801  2.37887  2.77519  2.98518  4.58477  3.61503
          0.03237  3.84237  4.56472  0.61958  0.77255  0.50557  0.92422
     23   2.71289  4.47478  3.31689  3.15192  4.14893  3.16401  4.23153  3.68699  3.20672  3.31695  4.36581  3.46145  0.88553  3.59643  3.45531  2.87954  3.15218  3.33576  5.34336  4.26933     68 p - - -
          2.68618  4.42225  2.77519  2.73123  3.46354  2.40513  3.72494  3.29354  2.67741  2.69355  4.24690  2.90347  2.73739  3.18146  2.89801  2.37887  2.77519  2.98518  4.58477  3.61503
          0.03237  3.84237  4.56472  0.61958  0.77255  0.50557  0.92422
     24   2.39729  4.24216  3.40213  3.15325  3.94303  3.08231  4.17277  3.06652  3.09562  2.93107  3.98387  3.36716  3.78384  3.49206  3.35550  2.59827  1.22398  2.76472  5.38350  4.15979     69 t - - -
          2.68618  4.42225  2.77519  2.73123  3.46354  2.40513  3.72494  3.29354  2.67741  2.69355  4.24690  2.90347  2.73739  3.18146  2.89801  2.37887  2.77519  2.98518  4.58477  3.61503
          0.03237  3.84237  4.56472  0.61958  0.77255  0.50557  0.92422
     25   2.78445  4.33584  4.08330  3.74592  3.52856  3.69231  4.55299  2.05326  3.61323  2.22113  3.49871  3.94046  4.25480  3.97539  3.82855  3.19428  3.14692  1.06377  5.30777  4.03733     70 v - - -
          2.68618  4.42225  2.77519  2.73123  3.46354  2.40513  3.72494  3.29354  2.67741  2.69355  4.24690  2.90347  2.73739  3.18146  2.89801  2.37887  2.77519  2.98518  4.58477  3.61503
          0.03237  3.84237  4.56472  0.61958  0.77255  0.50557  0.92422
     26   2.39729  4.24216  3.40213  3.15325  3.94303  3.08231  4.17277  3.06652  3.09562  2.93107  3.98387  3.36716  3.78384  3.49206  3.35550  2.59827  1.22398  2.76472  5.38350  4.15979     71 t - - -
          2.68618  4.42225  2.77519  2.73123  3.46354  2.40513  3.72494  3.29354  2.67741  2.69355  4.24690  2.90347  2.73739  3.18146  2.89801  2.37887  2.77519  2.98518  4.58477  3.61503
          0.03237  3.84237  4.56472  0.61958  0.77255  0.50557  0.92422
     27   3.00772  4.43538  4.29208  3.90709  3.35436  4.03335  4.64109  1.11599  3.73461  1.94705  3.29491  4.15667  4.46784  4.08626  3.93465  3.52609  3.30759  1.84628  5.23866  3.97407     72 i - - -
          2.68618  4.42225  2.77519  2.73123  3.46354  2.40513  3.72494  3.29354  2.67741  2.69355  4.24690  2.90347  2.73739  3.18146  2.89801  2.37887  2.77519  2.98518  4.58477  3.61503
          0.03237  3.84237  4.56472  0.61958  0.77255  0.49732  0.93690
     28   2.96394  5.08764  0.95362  2.32074  4.46151  3.19266  3.91036  4.04425  2.99000  3.65706  4.63493  2.87576  3.84377  3.14968  3.50266  2.92926  3.30210  3.68613  5.63483  4.33882     73 d - - -
          2.68618  4.42225  2.77519  2.73123  3.46354  2.40513  3.72494  3.29354  2.67741  2.69355  4.24690  2.90347  2.73739  3.18146  2.89801  2.37887  2.77519  2.98518  4.58477  3.61503
          0.03219  3.84811  4.57046  0.61958  0.77255  0.50056  0.93189
     29   2.48228  4.25853  3.99367  3.62692  3.61256  3.58736  4.48852  2.05787  3.51533  2.30133  3.51745  3.81564  4.16925  3.86379  3.75540  3.02873  3.02150  1.19004  5.36659  4.11855     74 v - - -
          2.68618  4.42225  2.77519  2.73123  3.46354  2.40513  3.72494  3.29354  2.67741  2.69355  4.24690  2.90347  2.73739  3.18146  2.89801  2.37887  2.77519  2.98518  4.58477  3.61503
          0.03219  3.84811  4.57046  0.61958  0.77255  0.50056  0.93189
     30   2.30353  4.22344  3.18575  3.00070  4.05220  2.95380  4.11108  3.57166  3.07282  3.29388  4.22222  3.22919  3.69065  3.42411  3.35940  1.12838  2.78189  3.11210  5.42670  4.13567     75 s - - -
          2.68618  4.42225  2.77519  2.73123  3.46354  2.40513  3.72494  3.29354  2.67741  2.69355  4.24690  2.90347  2.73739  3.18146  2.89801  2.37887  2.77519  2.98518  4.58477  3.61503
          0.03219  3.84811  4.57046  0.61958  0.77255  0.50056  0.93189
     31   2.79400  5.19992  1.64797  2.14095  4.46442  3.20589  3.67694  3.98717  2.58865  3.51980  4.37613  2.70711  3.78192  2.13163  3.09687  2.72812  3.07250  3.60286  5.67498  4.23572     76 d - - -
          2.68618  4.42225  2.77519  2.73123  3.46354  2.40513  3.72494  3.29354  2.67741  2.69355  4.24690  2.90347  2.73739  3.18146  2.89801  2.37887  2.77519  2.98518  4.58477  3.61503
          0.03219  3.84811  4.57046  0.61958  0.77255  0.50056  0.93189
     32   1.95618  4.16902  3.27828  2.94848  3.76226  2.98415  4.01733  3.31121  2.97091  3.07414  3.96499  3.19414  3.67557  3.29339  3.30071  1.49748  2.68445  2.90618  5.36761  4.09479     77 s - - -
          2.68618  4.42225  2.77519  2.73123  3.46354  2.40513  3.72494  3.29354  2.67741  2.69355  4.24690  2.90347  2.73739  3.18146  2.89801  2.37887  2.77519  2.98518  4.58477  3.61503
          0.03219  3.84811  4.57046  0.61958  0.77255  0.50056  0.93189
     33   2.57341  4.44719  3.19538  2.79975  3.57208  3.33724  3.72053  3.05084  2.68622  2.26548  3.69203  3.19241  2.03045  3.11269  3.00850  2.72516  2.88840  2.81890  5.04270  3.70094     78 p - - -
          2.68618  4.42225  2.77519  2.73123  3.46354  2.40513  3.72494  3.29354  2.67741  2.69355  4.24690  2.90347  2.73739  3.18146  2.89801  2.37887  2.77519  2.98518  4.58477  3.61503
          0.03219  3.84811  4.57046  0.61958  0.77255  0.49399  0.94209
     34   2.86572  5.36987  1.67790  1.49804  4.65689  3.17074  3.70286  4.15284  2.69838  3.68363  4.54267  2.64717  3.78307  2.87205  3.26941  2.76434  3.15239  3.74766  5.84335  4.36748     79 e - - -
          2.68618  4.42225  2.77519  2.73123  3.46354  2.40513  3.72494  3.29354  2.67741  2.69355  4.24690  2.90347  2.73739  3.18146  2.89801  2.37887  2.77519  2.98518  4.58477  3.61503
          0.03204  3.85265  4.57500  0.61958  0.77255  0.49656  0.93808
     35   2.79251  4.34083  4.09772  3.76044  3.53584  3.70317  4.56566  2.05199  3.62792  2.22646  3.50421  3.95339  4.26493  3.98924  3.84229  3.20562  3.15463  1.05027  5.31686  4.04715     80 v - - -
          2.68618  4.42225  2.77519  2.73123  3.46354  2.40513  3.72494  3.29354  2.67741  2.69355  4.24690  2.90347  2.73739  3.18146  2.89801  2.37887  2.77519  2.98518  4.58477  3.61503
          0.03204  3.85265  4.57500  0.61958  0.77255  0.49656  0.93808
     36   1.19388  4.10122  3.31009  3.08210  4.14411  2.65542  4.15978  3.42032  3.14341  3.23314  4.11693  3.24276  3.64352  3.45540  3.42966  2.33394  2.67144  2.95751  5.52373  4.30266     81 a - - -
          2.68618  4.42225  2.77519  2.73123  3.46354  2.40513  3.72494  3.29354  2.67741  2.69355  4.24690  2.90347  2.73739  3.18146  2.89801  2.37887  2.77519  2.98518  4.58477  3.61503
          0.03204  3.85265  4.57500  0.61958  0.77255  0.48880  0.95027
     37   2.97425  5.09997  0.93904  2.32630  4.47509  3.19988  3.91860  4.06002  3.00003  3.67098  4.64889  2.88189  3.85166  3.15781  3.51419  2.93833  3.31256  3.70078  5.64651  4.35054     82 d - - -
          2.68618  4.42225  2.77519  2.73123  3.46354  2.40513  3.72494  3.29354  2.67741  2.69355  4.24690  2.90347  2.73739  3.18146  2.89801  2.37887  2.77519  2.98518  4.58477  3.61503
          0.03186  3.85799  4.58034  0.61958  0.77255  0.49180  0.94552
     38   3.13915  4.60579  4.16620  3.80611  3.13041  3.96365  4.46639  2.33381  3.57400  0.89323  3.15811  4.08297  4.40159  3.94579  3.75238  3.53302  3.43411  2.36737  5.00431  3.72424     83 l - - -
          2.68618  4.42225  2.77519  2.73123  3.46354  2.40513  3.72494  3.29354  2.67741  2.69355  4.24690  2.90347  2.73739  3.18146  2.89801  2.37887  2.77519  2.98518  4.58477  3.61503
          0.03186  3.85799  4.58034  0.61958  0.77255  0.49180  0.94552
     39   1.03483  4.18504  3.44808  3.23885  4.03814  3.00994  4.26258  3.16149  3.25474  3.04376  4.07728  3.39207  3.74781  3.59726  3.50619  2.53551  2.81187  2.81841  5.46674  4.26541     84 a - - -
          2.68618  4.42225  2.77519  2.73123  3.46354  2.40513  3.72494  3.29354  2.67741  2.69355  4.24690  2.90347  2.73739  3.18146  2.89801  2.37887  2.77519  2.98518  4.58477  3.61503
          0.03186  3.85799  4.58034  0.61958  0.77255  0.48200  0.96114
     40   2.99674  4.83637  3.48661  2.99933  4.18898  3.48620  3.81872  3.73018  2.23436  3.24752  4.24793  3.35964  3.98918  3.03945  0.99032  3.08130  3.26324  3.45447  5.27519  4.11805     85 r - - -
          2.68618  4.42225  2.77519  2.73123  3.46354  2.40513  3.72494  3.29354  2.67741  2.69355  4.24690  2.90347  2.73739  3.18146  2.89801  2.37887  2.77519  2.98518  4.58477  3.61503
          0.03165  3.86470  4.58705  0.61958  0.77255  0.48576  0.95510
     41   2.80196  4.34674  4.11455  3.77746  3.54443  3.71582  4.58053  2.05074  3.64512  2.23282  3.51078  3.96853  4.27678  4.00550  3.85837  3.21888  3.16370  1.03475  5.32755  4.05868     86 v - - -
          2.68618  4.42225  2.77519  2.73123  3.46354  2.40513  3.72494  3.29354  2.67741  2.69355  4.24690  2.90347  2.73739  3.18146  2.89801  2.37887  2.77519  2.98518  4.58477  3.61503
          0.03165  3.86470  4.58705  0.61958  0.77255  0.48576  0.95510
     42   2.98643  4.80520  3.11820  2.87738  3.27935  3.44099  1.15899  3.68815  2.72065  3.18308  4.22544  3.28702  3.99310  3.24352  2.98681  3.05719  3.28954  3.42343  4.74450  3.23043     87 h - - -
          2.68618  4.42225  2.77519  2.73123  3.46354  2.40513  3.72494  3.29354  2.67741  2.69355  4.24690  2.90347  2.73739  3.18146  2.89801  2.37887  2.77519  2.98518  4.58477  3.61503
          0.03165  3.86470  4.58705  0.61958  0.77255  0.48576  0.95510
     43   1.02502  4.18822  3.45475  3.24572  4.04469  3.01296  4.26868  3.16903  3.26178  3.05100  4.08370  3.39728  3.75145  3.60366  3.51283  2.53859  2.81541  2.82478  5.47262  4.27201     88 a - - -
          2.68618  4.42225  2.77519  2.73123  3.46354  2.40513  3.72494  3.29354  2.67741  2.69355  4.24690  2.90347  2.73739  3.18146  2.89801  2.37887  2.77519  2.98518  4.58477  3.61503
          0.03165  3.86470  4.58705  0.61958  0.77255  0.48576  0.95510
     44   2.80196  4.34674  4.11455  3.77746  3.54443  3.71582  4.58053  2.05074  3.64512  2.23282  3.51078  3.96853  4.27678  4.00550  3.85837  3.21888  3.16370  1.03475  5.32755  4.05868     89 v - - -
          2.68618  4.42225  2.77519  2.73123  3.46354  2.40513  3.72494  3.29354  2.67741  2.69355  4.24690  2.90347  2.73739  3.18146  2.89801  2.37887  2.77519  2.98518  4.58477  3.61503
          0.03165  3.86470  4.58705  0.61958  0.77255  0.48576  0.95510
     45   2.94977  5.06032  2.48630  1.02944  4.40617  3.27218  3.85868  3.85950  2.73885  3.47706  4.45118  2.93119  3.87661  3.07438  3.14742  2.93243  3.25397  3.54362  5.57828  4.30048     90 e - - -
          2.68618  4.42225  2.77519  2.73123  3.46354  2.40513  3.72494  3.29354  2.67741  2.69355  4.24690  2.90347  2.73739  3.18146  2.89801  2.37887  2.77519  2.98518  4.58477  3.61503
          0.03149  3.86961  4.59196  0.61958  0.77255  0.48576  0.95510
     46   2.66129  4.43704  3.33448  3.23350  4.37593  0.73353  4.35399  3.97482  3.41439  3.62932  4.60501  3.49877  3.82809  3.73877  3.65078  2.83311  3.14230  3.50369  5.47187  4.47772     91 g - - -
          2.68618  4.42225  2.77519  2.73123  3.46354  2.40513  3.72494  3.29354  2.67741  2.69355  4.24690  2.90347  2.73739  3.18146  2.89801  2.37887  2.77519  2.98518  4.58477  3.61503
          0.03149  3.86961  4.59196  0.61958  0.77255  0.48576  0.95510
     47   3.02887  4.44835  4.33168  3.94735  3.37222  4.06350  4.67597  1.08145  3.77543  1.95880  3.30799  4.19308  4.49495  4.12399  3.97232  3.55849  3.32807  1.84575  5.26249  4.00056     92 i - - -
          2.68618  4.42225  2.77519  2.73123  3.46354  2.40513  3.72494  3.29354  2.67741  2.69355  4.24690  2.90347  2.73739  3.18146  2.89801  2.37887  2.77519  2.98518  4.58477  3.61503
          0.03149  3.86961  4.59196  0.61958  0.77255  0.48576  0.95510
     48   2.66129  4.43704  3.33448  3.23350  4.37593  0.73353  4.35399  3.97482  3.41439  3.62932  4.60501  3.49877  3.82809  3.73877  3.65078  2.83311  3.14230  3.50369  5.47187  4.47772     93 g - - -
          2.68618  4.42225  2.77519  2.73123  3.46354  2.40513  3.72494  3.29354  2.67741  2.69355  4.24690  2.90347  2.73739  3.18146  2.89801  2.37887  2.77519  2.98518  4.58477  3.61503
          0.03149  3.86961  4.59196  0.61958  0.77255  0.48576  0.95510
     49   2.98647  5.11441  0.92216  2.33304  4.49102  3.20845  3.92844  4.07853  3.01200  3.68735  4.66536  2.88928  3.86103  3.16755  3.52786  2.94913  3.32497  3.71801  5.66019  4.36435     94 d - - -
          2.68618  4.42225  2.77519  2.73123  3.46354  2.40513  3.72494  3.29354  2.67741  2.69355  4.24690  2.90347  2.73739  3.18146  2.89801  2.37887  2.77519  2.98518  4.58477  3.61503
          0.03149  3.86961  4.59196  0.61958  0.77255  0.48576  0.95510
     50   2.80582  4.34917  4.12139  3.78440  3.54795  3.72096  4.58660  2.05030  3.65214  2.23545  3.51349  3.97470  4.28160  4.01213  3.86492  3.22428  3.16741  1.02850  5.33192  4.06338     95 v - - -
          2.68618  4.42225  2.77519  2.73123  3.46354  2.40513  3.72494  3.29354  2.67741  2.69355  4.24690  2.90347  2.73739  3.18146  2.89801  2.37887  2.77519  2.98518  4.58477  3.61503
          0.03149  3.86961  4.59196  0.61958  0.77255  0.48576  0.95510
     51   2.28836  4.23744  3.10648  2.91596  4.08596  2.95173  4.06444  3.62382  3.00487  3.33773  4.22316  3.08193  3.68344  3.35468  3.31076  1.19260  2.75971  3.13941  5.45992  4.14338     96 s - - -
          2.68618  4.42225  2.77519  2.73123  3.46354  2.40513  3.72494  3.29354  2.67741  2.69355  4.24690  2.90347  2.73739  3.18146  2.89801  2.37887  2.77519  2.98518  4.58477  3.61503
          0.03149  3.86961  4.59196  0.61958  0.77255  0.48576  0.95510
     52   2.41111  4.25619  3.42548  3.17731  3.96628  3.09558  4.19486  3.09307  3.12023  2.95666  4.00733  3.38718  3.79909  3.51519  3.37908  2.61234  1.17676  2.78835  5.40434  4.18290     97 t - - -
          2.68618  4.42225  2.77519  2.73123  3.46354  2.40513  3.72494  3.29354  2.67741  2.69355  4.24690  2.90347  2.73739  3.18146  2.89801  2.37887  2.77519  2.98518  4.58477  3.61503
          0.03178  3.86045  4.58280  0.61958  0.77255  0.48576  0.95510
     53   2.98196  4.80139  3.11422  2.87304  3.27650  3.43751  1.16810  3.68302  2.71642  3.17846  4.22053  3.28282  3.98942  3.23914  2.98281  3.05278  3.28495  3.41838  4.74170  3.22772     98 h - - -
          2.68618  4.42225  2.77519  2.73123  3.46354  2.40513  3.72494  3.29354  2.67741  2.69355  4.24690  2.90347  2.73739  3.18146  2.89801  2.37887  2.77519  2.98518  4.58477  3.61503
          0.03178  3.86045  4.58280  0.61958  0.77255  0.48576  0.95510
     54   1.03122  4.18620  3.45053  3.24137  4.04054  3.01105  4.26481  3.16426  3.25732  3.04642  4.07964  3.39398  3.74914  3.59960  3.50862  2.53664  2.81317  2.82074  5.46890  4.26783     99 a - - -
          2.68618  4.42225  2.77519  2.73123  3.46354  2.40513  3.72494  3.29354  2.67741  2.69355  4.24690  2.90347  2.73739  3.18146  2.89801  2.37887  2.77519  2.98518  4.58477  3.61503
          0.03178  3.86045  4.58280  0.61958  0.77255  0.48576  0.95510
     55   3.04061  4.43226  4.47598  3.97540  3.28507  4.23806  4.68040  1.22320  3.79005  1.78847  2.92246  4.24422  4.56280  4.09356  3.99681  3.61566  3.30298  1.80524  5.23831  4.02526    100 i - - -
          2.68618  4.42225  2.77519  2.73123  3.46354  2.40513  3.72494  3.29354  2.67741  2.69355  4.24690  2.90347  2.73739  3.18146  2.89801  2.37887  2.77519  2.98518  4.58477  3.61503
          0.03178  3.86045  4.58280  0.61958  0.77255  0.48576  0.95510
     56   2.99206  4.83187  3.48150  2.99519  4.18341  3.48225  3.81583  3.72436  2.23291  3.24248  4.24305  3.35580  3.98550  3.03682  0.99690  3.07686  3.25889  3.44885  5.27137  4.11346    101 r - - -
          2.68618  4.42225  2.77519  2.73123  3.46354  2.40513  3.72494  3.29354  2.67741  2.69355  4.24690  2.90347  2.73739  3.18146  2.89801  2.37887  2.77519  2.98518  4.58477  3.61503
          0.03199  3.85424  4.57658  0.61958  0.77255  0.48576  0.95510
     57   2.83054  5.02371  3.02343  2.40944  4.37845  3.48113  3.56502  3.76750  1.99709  3.26958  4.11583  2.99504  3.88682  2.11971  1.83015  2.82592  3.03092  3.43883  5.38904  4.13791    102 r - - -
          2.68618  4.42225  2.77519  2.73123  3.46354  2.40513  3.72494  3.29354  2.67741  2.69355  4.24690  2.90347  2.73739  3.18146  2.89801  2.37887  2.77519  2.98518  4.58477  3.61503
          0.03199  3.85424  4.57658  0.61958  0.77255  0.48576  0.95510
     58   2.83419  5.08561  1.16277  2.21393  4.55469  2.79887  3.82434  4.09026  2.86900  3.67652  4.57190  2.77017  3.79480  3.02898  3.40961  2.79359  3.17162  3.67810  5.74393  4.37218    103 d - - -
          2.68618  4.42225  2.77519  2.73123  3.46354  2.40513  3.72494  3.29354  2.67741  2.69355  4.24690  2.90347  2.73739  3.18146  2.89801  2.37887  2.77519  2.98518  4.58477  3.61503
          0.03229  3.84495  4.56730  0.61958  0.77255  0.48576  0.95510
     59   2.96065  5.08368  0.95833  2.31900  4.45716  3.19037  3.90775  4.03921  2.98682  3.65261  4.63047  2.87384  3.84126  3.14711  3.49900  2.92638  3.29877  3.68145  5.63109  4.33508    104 d - - -
          2.68618  4.42225  2.77519  2.73123  3.46354  2.40513  3.72494  3.29354  2.67741  2.69355  4.24690  2.90347  2.73739  3.18146  2.89801  2.37887  2.77519  2.98518  4.58477  3.61503
          0.03229  3.84495  4.56730  0.61958  0.77255  0.48576  0.95510
     60   2.22734  4.23559  3.65941  3.11766  3.42284  3.55222  3.99619  2.34214  3.02538  2.28271  2.51594  3.45789  3.99332  3.34276  3.33714  2.85920  2.51854  2.18822  4.98834  3.77459    105 v - - -
          2.68618  4.42225  2.77519  2.73123  3.46354  2.40513  3.72494  3.29354  2.67741  2.69355  4.24690  2.90347  2.73739  3.18146  2.89801  2.37887  2.77519  2.98518  4.58477  3.61503
          0.03215  3.84930  4.57165  0.61958  0.77255  0.48576  0.95510
     61   2.81646  4.32663  4.37126  3.88370  3.49417  4.07341  4.67126  1.64448  3.75916  2.06802  3.33595  4.13467  4.47417  4.06774  3.99901  3.45188  3.18405  1.19718  5.36415  4.14231    106 v - - -
          2.68618  4.42225  2.77519  2.73123  3.46354  2.40513  3.72494  3.29354  2.67741  2.69355  4.24690  2.90347  2.73739  3.18146  2.89801  2.37887  2.77519  2.98518  4.58477  3.61503
          0.03200  3.85392  4.57627  0.61958  0.77255  0.48576  0.95510
     62   2.79350  4.34145  4.09949  3.76224  3.53674  3.70451  4.56723  2.05185  3.62973  2.22713  3.50490  3.95499  4.26618  3.99096  3.84399  3.20702  3.15559  1.04862  5.31799  4.04837    107 v - - -
          2.68618  4.42225  2.77519  2.73123  3.46354  2.40513  3.72494  3.29354  2.67741  2.69355  4.24690  2.90347  2.73739  3.18146  2.89801  2.37887  2.77519  2.98518  4.58477  3.61503
          0.03200  3.85392  4.57627  0.61958  0.77255  0.48576  0.95510
     63   2.91568  4.35166  4.37863  3.90917  3.46046  4.06945  4.68319  1.71249  3.76673  2.03500  3.32851  4.15145  4.48298  4.08696  3.99930  3.46431  3.21111  1.14724  5.35063  4.10435    108 v - - -
          2.68618  4.42225  2.77519  2.73123  3.46354  2.40513  3.72494  3.29354  2.67741  2.69355  4.24690  2.90347  2.73739  3.18146  2.89801  2.37887  2.77519  2.98518  4.58477  3.61503
          0.03200  3.85392  4.57627  0.61958  0.77255  0.48576  0.95510
     64   2.64235  4.41940  3.31231  3.20947  4.35170  0.75831  4.33070  3.94698  3.38821  3.60340  4.57914  3.47666  3.80994  3.71386  3.62611  2.81377  3.12216  3.47889  5.45156  4.45304    109 g - - -
          2.68618  4.42225  2.77519  2.73123  3.46354  2.40513  3.72494  3.29354  2.67741  2.69355  4.24690  2.90347  2.73739  3.18146  2.89801  2.37887  2.77519  2.98518  4.58477  3.61503
          0.03200  3.85392  4.57627  0.61958  0.77255  0.48576  0.95510
     65   2.79350  4.34145  4.09949  3.76224  3.53674  3.70451  4.56723  2.05185  3.62973  2.22713  3.50490  3.95499  4.26618  3.99096  3.84399  3.20702  3.15559  1.04862  5.31799  4.04837    110 v - - -
          2.68618  4.42225  2.77519  2.73123  3.46354  2.40513  3.72494  3.29354  2.67741  2.69355  4.24690  2.90347  2.73739  3.18146  2.89801  2.37887  2.77519  2.98518  4.58477  3.61503
          0.03200  3.85392  4.57627  0.61958  0.77255  0.48576  0.95510
     66   2.80273  4.90530  2.83331  2.51649  4.11437  3.38472  3.66628  3.61450  2.18917  3.10361  4.09480  2.99098  3.88108  1.60410  2.53736  2.82675  3.05812  3.32273  5.33784  4.01441    111 q - - -
          2.68618  4.42225  2.77519  2.73123  3.46354  2.40513  3.72494  3.29354  2.67741  2.69355  4.24690  2.90347  2.73739  3.18146  2.89801  2.37887  2.77519  2.98518  4.58477  3.61503
          0.03200  3.85392  4.57627  0.61958  0.77255  0.48576  0.95510
     67   3.10061  4.57806  4.24009  3.81603  3.06189  4.07694  4.46703  2.18339  3.56280  0.98812  3.04934  4.09314  4.45874  3.91934  3.75441  3.52093  3.38088  2.24587  4.99844  3.70289    112 l - - -
          2.68618  4.42225  2.77519  2.73123  3.46354  2.40513  3.72494  3.29354  2.67741  2.69355  4.24690  2.90347  2.73739  3.18146  2.89801  2.37887  2.77519  2.98518  4.58477  3.61503
          0.03200  3.85392  4.57627  0.61958  0.77255  0.48576  0.95510
     68   2.25922  4.16529  3.30456  3.02988  4.02097  2.98232  4.08546  3.25499  3.00419  3.08810  4.01216  3.24171  3.69535  3.37298  3.29267  2.25966  1.42188  2.86566  5.42671  4.17538    113 t - - -
          2.68618  4.42225  2.77519  2.73123  3.46354  2.40513  3.72494  3.29354  2.67741  2.69355  4.24690  2.90347  2.73739  3.18146  2.89801  2.37887  2.77519  2.98518  4.58477  3.61503
          0.03200  3.85392  4.57627  0.61958  0.77255  0.48576  0.95510
     69   2.68112  4.81024  2.96884  2.52021  4.21673  3.36766  3.62357  3.62167  1.74857  3.18921  4.03425  2.98518  3.83083  2.78286  2.38736  2.13952  2.93510  3.28099  5.35765  4.08047    114 k - - -
          2.68618  4.42225  2.77519  2.73123  3.46354  2.40513  3.72494  3.29354  2.67741  2.69355  4.24690  2.90347  2.73739  3.18146  2.89801  2.37887  2.77519  2.98518  4.58477  3.61503
          0.03200  3.85392  4.57627  0.61958  0.77255  0.48576  0.95510
     70   2.72747  4.48769  3.33267  3.16917  4.16562  3.17626  4.24801  3.70643  3.22492  3.33522  4.38440  3.47765  0.86284  3.61427  3.47240  2.89442  3.16761  3.35390  5.35709  4.28609    115 p - - -
          2.68618  4.42225  2.77519  2.73123  3.46354  2.40513  3.72494  3.29354  2.67741  2.69355  4.24690  2.90347  2.73739  3.18146  2.89801  2.37887  2.77519  2.98518  4.58477  3.61503
          0.03200  3.85392  4.57627  0.61958  0.77255  0.48576  0.95510
     71   2.79350  4.34145  4.09949  3.76224  3.53674  3.70451  4.56723  2.05185  3.62973  2.22713  3.50490  3.95499  4.26618  3.99096  3.84399  3.20702  3.15559  1.04862  5.31799  4.04837    116 v - - -
          2.68618  4.42225  2.77519  2.73123  3.46354  2.40513  3.72494  3.29354  2.67741  2.69355  4.24690  2.90347  2.73739  3.18146  2.89801  2.37887  2.77519  2.98518  4.58477  3.61503
          0.03200  3.85392  4.57627  0.61958  0.77255  0.48576  0.95510
     72   2.81066  5.06245  2.55056  2.05484  4.34241  3.31966  3.65050  3.79675  2.33314  3.33494  4.21479  2.84831  3.83667  1.73979  2.69175  2.78511  3.06166  3.46246  5.50313  4.16092    117 q - - -
          2.68618  4.42225  2.77519  2.73123  3.46354  2.40513  3.72494  3.29354  2.67741  2.69355  4.24690  2.90347  2.73739  3.18146  2.89801  2.37887  2.77519  2.98518  4.58477  3.61503
          0.03200  3.85392  4.57627  0.61958  0.77255  0.48576  0.95510
     73   1.03384  4.18536  3.44875  3.23954  4.03880  3.01024  4.26319  3.16225  3.25545  3.04449  4.07793  3.39259  3.74817  3.59790  3.50686  2.53582  2.81223  2.81905  5.46733  4.26608    118 a - - -
          2.68618  4.42225  2.77519  2.73123  3.46354  2.40513  3.72494  3.29354  2.67741  2.69355  4.24690  2.90347  2.73739  3.18146  2.89801  2.37887  2.77519  2.98518  4.58477  3.61503
          0.03199  3.85410  4.57645  0.61958  0.77255  0.48576  0.95510
     74   2.67660  4.22854  3.83614  3.27315  3.32798  3.74894  4.06610  1.78728  2.95268  2.15586  2.81971  3.60630  4.11592  3.46096  3.41852  3.03715  2.75203  2.00211  4.93593  3.73200    119 i - - -
          2.68618  4.42225  2.77519  2.73123  3.46354  2.40513  3.72494  3.29354  2.67741  2.69355  4.24690  2.90347  2.73739  3.18146  2.89801  2.37887  2.77519  2.98518  4.58477  3.61503
          0.03199  3.85410  4.57645  0.61958  0.77255  0.48576  0.95510
     75   3.23527  4.64249  4.21349  3.92465  1.04226  3.92902  3.86956  2.76139  3.83218  2.13577  3.49438  3.99860  4.38814  4.00527  3.95644  3.50604  3.53646  2.75071  4.12437  2.49380    120 f - - -
          2.68618  4.42225  2.77519  2.73123  3.46354  2.40513  3.72494  3.29354  2.67741  2.69355  4.24690  2.90347  2.73739  3.18146  2.89801  2.37887  2.77519  2.98518  4.58477  3.61503
          0.03199  3.85410  4.57645  0.61958  0.77255  0.48576  0.95510
     76   1.04056  4.18322  3.44423  3.23489  4.03436  3.00820  4.25907  3.15714  3.25069  3.03957  4.07358  3.38906  3.74571  3.59358  3.50236  2.53375  2.80985  2.81473  5.46335  4.26160    121 a - - -
          2.68618  4.42225  2.77519  2.73123  3.46354  2.40513  3.72494  3.29354  2.67741  2.69355  4.24690  2.90347  2.73739  3.18146  2.89801  2.37887  2.77519  2.98518  4.58477  3.61503
          0.03199  3.85410  4.57645  0.61958  0.77255  0.48576  0.95510
     77   2.79365  4.34154  4.09975  3.76249  3.53687  3.70470  4.56745  2.05183  3.62999  2.22722  3.50499  3.95522  4.26636  3.99120  3.84423  3.20722  3.15572  1.04839  5.31815  4.04854    122 v - - -
          2.68618  4.42225  2.77519  2.73123  3.46354  2.40513  3.72494  3.29354  2.67741  2.69355  4.24690  2.90347  2.73739  3.18146  2.89801  2.37887  2.77519  2.98518  4.58477  3.61503
          0.03199  3.85410  4.57645  0.61958  0.77255  0.48576  0.95510
     78   1.22356  4.11427  3.46784  3.19566  4.00896  2.97823  4.20767  3.03301  3.17251  2.96412  3.96285  3.33540  3.71141  3.51168  3.44273  2.44436  2.59531  2.64305  5.48363  4.25544    123 a - - -
          2.68618  4.42225  2.77519  2.73123  3.46354  2.40513  3.72494  3.29354  2.67741  2.69355  4.24690  2.90347  2.73739  3.18146  2.89801  2.37887  2.77519  2.98518  4.58477  3.61503
          0.03199  3.85410  4.57645  0.61958  0.77255  0.48576  0.95510
     79   3.23527  4.64249  4.21349  3.92465  1.04226  3.92902  3.86956  2.76139  3.83218  2.13577  3.49438  3.99860  4.38814  4.00527  3.95644  3.50604  3.53646  2.75071  4.12437  2.49380    124 f - - -
          2.68618  4.42225  2.77519  2.73123  3.46354  2.40513  3.72494  3.29354  2.67741  2.69355  4.24690  2.90347  2.73739  3.18146  2.89801  2.37887  2.77519  2.98518  4.58477  3.61503
          0.03199  3.85410  4.57645  0.61958  0.77255  0.48576  0.95510
     80   2.62888  4.62570  3.00037  2.56922  3.41783  3.39803  2.63669  3.29750  2.51410  2.91066  3.79739  3.03188  3.84733  2.91390  2.89159  2.10243  2.88520  3.01261  4.86506  3.10359    125 s - - -
          2.68618  4.42225  2.77519  2.73123  3.46354  2.40513  3.72494  3.29354  2.67741  2.69355  4.24690  2.90347  2.73739  3.18146  2.89801  2.37887  2.77519  2.98518  4.58477  3.61503
          0.03214  3.84958  4.57193  0.61958  0.77255  0.48576  0.95510
     81   3.21454  4.71279  3.80468  3.53001  2.29453  3.80365  3.60862  3.22700  3.38819  2.68677  3.90448  3.69563  4.27815  3.69972  3.57648  3.35342  3.50118  3.09650  3.93733  1.00471    126 y - - -
          2.68618  4.42225  2.77519  2.73123  3.46354  2.40513  3.72494  3.29354  2.67741  2.69355  4.24690  2.90347  2.73739  3.18146  2.89801  2.37887  2.77519  2.98518  4.58477  3.61503
          0.03214  3.84958  4.57193  0.61958  0.77255  0.48576  0.95510
     82   2.23021  4.92531  2.26475  1.95552  4.26778  3.23920  3.64108  3.69381  2.51215  3.28178  4.10244  2.78027  3.75414  2.79745  3.00825  2.47751  2.74184  3.32759  5.50185  4.12019    127 e - - -
          2.68618  4.42225  2.77519  2.73123  3.46354  2.40513  3.72494  3.29354  2.67741  2.69355  4.24690  2.90347  2.73739  3.18146  2.89801  2.37887  2.77519  2.98518  4.58477  3.61503
          0.04766  3.84958  3.67873  0.61958  0.77255  0.48576  0.95510
     83   3.11332  4.58719  4.12833  3.76864  3.12234  3.93344  4.43630  2.32508  3.53674  0.92336  3.15829  4.04772  4.37576  3.91416  3.71875  3.50080  3.40955  2.35244  4.98722  3.70158    128 l - - -
          2.68618  4.42225  2.77519  2.73123  3.46354  2.40513  3.72494  3.29354  2.67741  2.69355  4.24690  2.90347  2.73739  3.18146  2.89801  2.37887  2.77519  2.98518  4.58477  3.61503
          0.03263  3.83455  4.55690  0.61958  0.77255  0.49899  0.93431
     84   2.83224  4.78046  2.92810  2.67619  3.29922  3.38399  1.52740  3.61701  2.54400  3.15645  4.12928  3.00370  3.92431  3.06138  2.83635  2.88616  3.12783  3.32197  4.77537  3.23264    129 h - - -
          2.68618  4.42225  2.77519  2.73123  3.46354  2.40513  3.72494  3.29354  2.67741  2.69355  4.24690  2.90347  2.73739  3.18146  2.89801  2.37887  2.77519  2.98518  4.58477  3.61503
          0.03230  3.84472  4.56707  0.61958  0.77255  0.49899  0.93431
     85   2.37996  4.70617  3.03359  2.56080  4.13317  3.00052  3.64261  3.52588  2.23648  3.11527  3.96446  3.01064  3.81619  2.68716  1.86466  2.68544  2.89256  3.19065  5.31534  4.04791    130 r - - -
          2.68618  4.42225  2.77519  2.73123  3.46354  2.40513  3.72494  3.29354  2.67741  2.69355  4.24690  2.90347  2.73739  3.18146  2.89801  2.37887  2.77519  2.98518  4.58477  3.61503
          0.03230  3.84472  4.56707  0.61958  0.77255  0.49899  0.93431
     86   2.86091  5.20052  2.16056  1.24327  4.51166  3.20702  3.73781  3.97210  2.67438  3.56083  4.44884  2.73728  3.80978  2.92056  3.17217  2.79735  3.15151  3.60643  5.71049  4.30633    131 e - - -
          2.68618  4.42225  2.77519  2.73123  3.46354  2.40513  3.72494  3.29354  2.67741  2.69355  4.24690  2.90347  2.73739  3.18146  2.89801  2.37887  2.77519  2.98518  4.58477  3.61503
          0.03181  3.85981  4.58216  0.61958  0.77255  0.49899  0.93431
     87   3.24239  4.64790  4.22134  3.93351  1.03266  3.93497  3.87186  2.76772  3.84088  2.14074  3.49981  4.00497  4.39390  4.01236  3.96372  3.51292  3.54355  2.75748  4.12483  2.49349    132 f - - -
          2.68618  4.42225  2.77519  2.73123  3.46354  2.40513  3.72494  3.29354  2.67741  2.69355  4.24690  2.90347  2.73739  3.18146  2.89801  2.37887  2.77519  2.98518  4.58477  3.61503
          0.03181  3.85981  4.58216  0.61958  0.77255  0.49899  0.93431
     88   3.14117  4.60724  4.16913  3.80902  3.13105  3.96599  4.46874  2.33452  3.57689  0.89094  3.15814  4.08572  4.40359  3.94825  3.75499  3.53552  3.43603  2.36855  5.00565  3.72601    133 l - - -
          2.68618  4.42225  2.77519  2.73123  3.46354  2.40513  3.72494  3.29354  2.67741  2.69355  4.24690  2.90347  2.73739  3.18146  2.89801  2.37887  2.77519  2.98518  4.58477  3.61503
          0.04742  3.85981  3.67938  0.61958  0.77255  0.49899  0.93431
     89   2.81679  5.04108  3.05247  2.51615  4.41332  3.48343  3.54753  3.80200  1.73035  3.29031  4.12349  2.71491  3.87699  2.35736  1.97891  2.80629  3.01364  3.46186  5.39552  4.14335    134 k - - -
          2.68618  4.42225  2.77519  2.73123  3.46354  2.40513  3.72494  3.29354  2.67741  2.69355  4.24690  2.90347  2.73739  3.18146  2.89801  2.37887  2.77519  2.98518  4.58477  3.61503
          0.03230  3.84469  4.56704  0.61958  0.77255  0.51225  0.91415
     90   2.92914  5.03347  2.47707  1.06555  4.37632  3.25668  3.84158  3.82472  2.71866  3.44649  4.42216  2.91829  3.86007  3.05808  3.12431  2.91462  3.23330  3.51159  5.55316  4.27585    135 e - - -
          2.68618  4.42225  2.77519  2.73123  3.46354  2.40513  3.72494  3.29354  2.67741  2.69355  4.24690  2.90347  2.73739  3.18146  2.89801  2.37887  2.77519  2.98518  4.58477  3.61503
          0.03230  3.84469  4.56704  0.61958  0.77255  0.51225  0.91415
     91   2.78627  4.33696  4.08656  3.74920  3.53020  3.69477  4.55585  2.05296  3.61654  2.22232  3.49994  3.94338  4.25709  3.97852  3.83166  3.19685  3.14866  1.06070  5.30982  4.03955    136 v - - -
          2.68618  4.42225  2.77519  2.73123  3.46354  2.40513  3.72494  3.29354  2.67741  2.69355  4.24690  2.90347  2.73739  3.18146  2.89801  2.37887  2.77519  2.98518  4.58477  3.61503
          0.03230  3.84469  4.56704  0.61958  0.77255  0.51225  0.91415
     92   1.05456  4.17885  3.43493  3.22538  4.02522  3.00404  4.25063  3.14662  3.24093  3.02947  4.06468  3.38184  3.74068  3.58473  3.49314  2.52955  2.80500  2.80585  5.45517  4.25242    137 a - - -
          2.68618  4.42225  2.77519  2.73123  3.46354  2.40513  3.72494  3.29354  2.67741  2.69355  4.24690  2.90347  2.73739  3.18146  2.89801  2.37887  2.77519  2.98518  4.58477  3.61503
          0.03230  3.84469  4.56704  0.61958  0.77255  0.51225  0.91415
     93   2.84310  5.16750  1.19583  2.14986  4.48791  3.14386  3.78042  4.06540  2.82718  3.66220  4.56563  2.60318  3.79193  2.98364  3.37930  2.78280  3.17155  3.66743  5.74315  4.29069    138 d - - -
          2.68618  4.42225  2.77519  2.73123  3.46354  2.40513  3.72494  3.29354  2.67741  2.69355  4.24690  2.90347  2.73739  3.18146  2.89801  2.37887  2.77519  2.98518  4.58477  3.61503
          0.03215  3.84926  4.57160  0.61958  0.77255  0.51225  0.91415
     94   1.27452  4.13373  3.55376  3.24531  3.89236  3.04879  4.21766  2.85468  3.19465  2.81130  3.85959  3.39054  3.76112  3.53449  3.46392  2.50735  2.74502  2.39102  5.41438  4.17437    139 a - - -
          2.68618  4.42225  2.77519  2.73123  3.46354  2.40513  3.72494  3.29354  2.67741  2.69355  4.24690  2.90347  2.73739  3.18146  2.89801  2.37887  2.77519  2.98518  4.58477  3.61503
          0.03969  3.84926  4.03910  0.61958  0.77255  0.51225  0.91415
     95   2.57193  4.52451  2.79428  2.47020  4.27451  1.24050  3.98467  3.73126  2.90677  3.40231  4.31103  3.08096  3.76612  3.24331  3.25754  2.67929  2.98288  3.31579  5.49745  4.28874    140 g - - -
          2.68618  4.42225  2.77519  2.73123  3.46354  2.40513  3.72494  3.29354  2.67741  2.69355  4.24690  2.90347  2.73739  3.18146  2.89801  2.37887  2.77519  2.98518  4.58477  3.61503
          0.03239  3.84196  4.56431  0.61958  0.77255  0.51855  0.90481
     96   2.22035  4.14899  3.27460  2.97344  4.06251  2.94831  4.04769  3.37529  2.97560  3.14312  4.02227  3.19661  3.65854  3.31911  3.28641  1.83429  1.70823  2.94281  5.43715  4.19431    141 t - - -
          2.68618  4.42225  2.77519  2.73123  3.46354  2.40513  3.72494  3.29354  2.67741  2.69355  4.24690  2.90347  2.73739  3.18146  2.89801  2.37887  2.77519  2.98518  4.58477  3.61503
          0.03239  3.84196  4.56431  0.61958  0.77255  0.51855  0.90481
     97   3.12147  4.59303  4.14031  3.78047  3.12484  3.94302  4.44580  2.32776  3.54850  0.91371  3.15814  4.05886  4.38393  3.92415  3.72938  3.51097  3.41728  2.35708  4.99261  3.70873    142 l - - -
          2.68618  4.42225  2.77519  2.73123  3.46354  2.40513  3.72494  3.29354  2.67741  2.69355  4.24690  2.90347  2.73739  3.18146  2.89801  2.37887  2.77519  2.98518  4.58477  3.61503
          0.03239  3.84196  4.56431  0.61958  0.77255  0.51855  0.90481
     98   3.07731  4.44770  4.54573  4.00843  3.20463  4.31907  4.69661  1.60493  3.86624  1.32559  3.02937  4.29268  4.58705  4.10245  4.06770  3.66817  3.32134  1.75878  5.19667  4.03550    143 l - - -
          2.68618  4.42225  2.77519  2.73123  3.46354  2.40513  3.72494  3.29354  2.67741  2.69355  4.24690  2.90347  2.73739  3.18146  2.89801  2.37887  2.77519  2.98518  4.58477  3.61503
          0.03239  3.84196  4.56431  0.61958  0.77255  0.51855  0.90481
     99   3.22017  4.63106  4.19677  3.90583  1.06301  3.91635  3.86478  2.74803  3.81371  2.12534  3.48298  3.98507  4.37592  3.99022  3.94096  3.49143  3.52145  2.73642  4.12359  2.49471    144 f - - -
          2.68618  4.42225  2.77519  2.73123  3.46354  2.40513  3.72494  3.29354  2.67741  2.69355  4.24690  2.90347  2.73739  3.18146  2.89801  2.37887  2.77519  2.98518  4.58477  3.61503
          0.03239  3.84196  4.56431  0.61958  0.77255  0.51855  0.90481
    100   1.05172  4.17972  3.43680  3.22729  4.02706  3.00488  4.25233  3.14874  3.24289  3.03150  4.06647  3.38329  3.74169  3.58651  3.49499  2.53039  2.80597  2.80764  5.45682  4.25427    145 a - - -
          2.68618  4.42225  2.77519  2.73123  3.46354  2.40513  3.72494  3.29354  2.67741  2.69355  4.24690  2.90347  2.73739  3.18146  2.89801  2.37887  2.77519  2.98518  4.58477  3.61503
          0.03224  3.84659  4.56894  0.61958  0.77255  0.51855  0.90481
    101   2.39939  4.24430  3.40572  3.15692  3.94660  3.08434  4.17614  3.07060  3.09938  2.93500  3.98746  3.37022  3.78617  3.49558  3.35911  2.60041  1.21655  2.76834  5.38670  4.16333    146 t - - -
          2.68618  4.42225  2.77519  2.73123  3.46354  2.40513  3.72494  3.29354  2.67741  2.69355  4.24690  2.90347  2.73739  3.18146  2.89801  2.37887  2.77519  2.98518  4.58477  3.61503
          0.03688  3.84659  4.20922  0.61958  0.77255  0.51855  0.90481
    102   2.39715  4.24202  3.40190  3.15301  3.94279  3.08217  4.17255  3.06625  3.09538  2.93081  3.98364  3.36696  3.78369  3.49183  3.35526  2.59813  1.22447  2.76448  5.38329  4.15955    147 t - - -
          2.68618  4.42225  2.77519  2.73123  3.46354  2.40513  3.72494  3.29354  2.67741  2.69355  4.24690  2.90347  2.73739  3.18146  2.89801  2.37887  2.77519  2.98518  4.58477  3.61503
          0.03238  3.84209  4.56444  0.61958  0.77255  0.52241  0.89916
    103   2.78319  5.16568  1.79957  2.12537  4.49126  3.15822  3.71176  4.03596  2.69087  3.59256  4.44994  1.76262  3.77046  2.89090  3.23055  2.72195  3.08789  3.62965  5.72476  4.26733    148 n - - -
          2.68618  4.42225  2.77519  2.73123  3.46354  2.40513  3.72494  3.29354  2.67741  2.69355  4.24690  2.90347  2.73739  3.18146  2.89801  2.37887  2.77519  2.98518  4.58477  3.61503
          0.03238  3.84209  4.56444  0.61958  0.77255  0.52241  0.89916
    104   1.79755  4.11352  3.37756  3.06083  4.03936  2.87287  4.09841  3.20625  3.05036  3.06789  3.96907  3.24982  3.67020  3.38143  3.35049  2.40336  1.66020  2.81178  5.43818  4.22101    149 t - - -
          2.68618  4.42225  2.77519  2.73123  3.46354  2.40513  3.72494  3.29354  2.67741  2.69355  4.24690  2.90347  2.73739  3.18146  2.89801  2.37887  2.77519  2.98518  4.58477  3.61503
          0.03238  3.84209  4.56444  0.61958  0.77255  0.52241  0.89916
    105   2.79632  5.08056  2.33819  1.34983  4.43107  3.00569  3.71252  3.89009  2.56983  3.46682  4.34440  2.76748  3.80146  2.82319  3.01331  2.75932  3.08758  3.52471  5.63430  4.24971    150 e - - -
          2.68618  4.42225  2.77519  2.73123  3.46354  2.40513  3.72494  3.29354  2.67741  2.69355  4.24690  2.90347  2.73739  3.18146  2.89801  2.37887  2.77519  2.98518  4.58477  3.61503
          0.03217  3.84865  4.57099  0.61958  0.77255  0.52241  0.89916
    106   2.21035  4.15569  3.31763  3.04014  4.02270  2.98254  4.09336  3.20036  3.01127  3.06175  3.99370  3.24705  3.69588  3.37920  3.29866  2.32630  1.43215  2.82203  5.43624  4.19192    151 t - - -
          2.68618  4.42225  2.77519  2.73123  3.46354  2.40513  3.72494  3.29354  2.67741  2.69355  4.24690  2.90347  2.73739  3.18146  2.89801  2.37887  2.77519  2.98518  4.58477  3.61503
          0.03217  3.84865  4.57099  0.61958  0.77255  0.52241  0.89916
    107   1.04865  4.18067  3.43883  3.22936  4.02905  3.00578  4.25417  3.15103  3.24502  3.03371  4.06841  3.38487  3.74278  3.58844  3.49700  2.53130  2.80702  2.80957  5.45860  4.25627    152 a - - -
          2.68618  4.42225  2.77519  2.73123  3.46354  2.40513  3.72494  3.29354  2.67741  2.69355  4.24690  2.90347  2.73739  3.18146  2.89801  2.37887  2.77519  2.98518  4.58477  3.61503
          0.03217  3.84865  4.57099  0.61958  0.77255  0.52241  0.89916
    108   2.93877  4.63041  3.52363  3.10147  2.01046  3.71613  1.90695  3.15769  2.99089  2.64808  3.73644  3.41063  4.12909  3.32563  3.28409  3.06029  3.18783  2.98234  4.06230  2.40682    153 h - - -
          2.68618  4.42225  2.77519  2.73123  3.46354  2.40513  3.72494  3.29354  2.67741  2.69355  4.24690  2.90347  2.73739  3.18146  2.89801  2.37887  2.77519  2.98518  4.58477  3.61503
          0.03217  3.84865  4.57099  0.61958  0.77255  0.52241  0.89916
    109   2.93238  5.03775  2.47848  1.05974  4.38107  3.25912  3.84425  3.83025  2.72182  3.45135  4.42675  2.92028  3.86267  3.06061  3.12795  2.91740  3.23654  3.51668  5.55716  4.27974    154 e - - -
          2.68618  4.42225  2.77519  2.73123  3.46354  2.40513  3.72494  3.29354  2.67741  2.69355  4.24690  2.90347  2.73739  3.18146  2.89801  2.37887  2.77519  2.98518  4.58477  3.61503
          0.03217  3.84865  4.57099  0.61958  0.77255  0.52241  0.89916
    110   2.86769  5.12404  2.27387  1.20035  4.44881  3.21936  3.76189  3.89772  2.67063  3.51094  4.42268  2.78897  3.82150  2.95469  3.13172  2.82288  3.16307  3.54990  5.64615  4.28104    155 e - - -
          2.68618  4.42225  2.77519  2.73123  3.46354  2.40513  3.72494  3.29354  2.67741  2.69355  4.24690  2.90347  2.73739  3.18146  2.89801  2.37887  2.77519  2.98518  4.58477  3.61503
          0.03217  3.84865  4.57099  0.61958  0.77255  0.52241  0.89916
    111   2.81559  4.83115  3.07749  2.64622  3.70415  3.46068  1.86926  3.57652  2.22299  3.11370  4.02546  3.08613  3.91256  2.86553  2.22194  2.86030  3.05276  3.28522  5.02906  3.61683    156 h - - -
          2.68618  4.42225  2.77519  2.73123  3.46354  2.40513  3.72494  3.29354  2.67741  2.69355  4.24690  2.90347  2.73739  3.18146  2.89801  2.37887  2.77519  2.98518  4.58477  3.61503
          0.03217  3.84865  4.57099  0.61958  0.77255  0.52241  0.89916
    112   2.72078  4.48178  3.32544  3.16126  4.15798  3.17065  4.24046  3.69753  3.21657  3.32685  4.37588  3.47022  0.87313  3.60609  3.46457  2.88759  3.16054  3.34559  5.35081  4.27841    157 p - - -
          2.68618  4.42225  2.77519  2.73123  3.46354  2.40513  3.72494  3.29354  2.67741  2.69355  4.24690  2.90347  2.73739  3.18146  2.89801  2.37887  2.77519  2.98518  4.58477  3.61503
          0.03217  3.84865  4.57099  0.61958  0.77255  0.52241  0.89916
    113   3.12883  4.59833  4.15112  3.79116  3.12714  3.95164  4.45438  2.33024  3.55913  0.90510  3.15808  4.06891  4.39130  3.93317  3.73897  3.52016  3.42428  2.36133  4.99748  3.71520    158 l - - -
          2.68618  4.42225  2.77519  2.73123  3.46354  2.40513  3.72494  3.29354  2.67741  2.69355  4.24690  2.90347  2.73739  3.18146  2.89801  2.37887  2.77519  2.98518  4.58477  3.61503
          0.03217  3.84865  4.57099  0.61958  0.77255  0.52241  0.89916
    114   3.29687  4.67988  4.05528  3.75569  2.64309  3.70391  3.87149  3.31972  3.47852  2.71860  3.95459  3.90962  4.21972  3.86739  3.61097  3.50077  3.59612  3.20939  0.93475  2.64648    159 w - - -
          2.68618  4.42225  2.77519  2.73123  3.46354  2.40513  3.72494  3.29354  2.67741  2.69355  4.24690  2.90347  2.73739  3.18146  2.89801  2.37887  2.77519  2.98518  4.58477  3.61503
          0.03217  3.84865  4.57099  0.61958  0.77255  0.52241  0.89916
    115   3.12883  4.59833  4.15112  3.79116  3.12714  3.95164  4.45438  2.33024  3.55913  0.90510  3.15808  4.06891  4.39130  3.93317  3.73897  3.52016  3.42428  2.36133  4.99748  3.71520    160 l - - -
          2.68618  4.42225  2.77519  2.73123  3.46354  2.40513  3.72494  3.29354  2.67741  2.69355  4.24690  2.90347  2.73739  3.18146  2.89801  2.37887  2.77519  2.98518  4.58477  3.61503
          0.03217  3.84865  4.57099  0.61958  0.77255  0.52241  0.89916
    116   2.30377  4.22370  3.18620  3.00116  4.05272  2.95404  4.11153  3.57225  3.07332  3.29443  4.22272  3.22957  3.69094  3.42456  3.35988  1.12754  2.78217  3.11257  5.42718  4.13620    161 s - - -
          2.68618  4.42225  2.77519  2.73123  3.46354  2.40513  3.72494  3.29354  2.67741  2.69355  4.24690  2.90347  2.73739  3.18146  2.89801  2.37887  2.77519  2.98518  4.58477  3.61503
          0.03217  3.84865  4.57099  0.61958  0.77255  0.52241  0.89916
    117   2.78937  4.33888  4.09211  3.75478  3.53300  3.69894  4.56072  2.05246  3.62219  2.22437  3.50206  3.94836  4.26099  3.98384  3.83694  3.20121  3.15163  1.05550  5.31332  4.04332    162 v - - -
          2.68618  4.42225  2.77519  2.73123  3.46354  2.40513  3.72494  3.29354  2.67741  2.69355  4.24690  2.90347  2.73739  3.18146  2.89801  2.37887  2.77519  2.98518  4.58477  3.61503
          0.05073  3.84865  3.56997  0.61958  0.77255  0.52241  0.89916
    118   2.94589  5.06572  0.97990  2.31134  4.43744  3.18006  3.89609  4.01636  2.97261  3.63248  4.61038  2.86531  3.82999  3.13569  3.48256  2.91349  3.28383  3.66025  5.61411  4.31816    163 d - - -
          2.68618  4.42225  2.77519  2.73123  3.46354  2.40513  3.72494  3.29354  2.67741  2.69355  4.24690  2.90347  2.73739  3.18146  2.89801  2.37887  2.77519  2.98518  4.58477  3.61503
          0.03276  3.83068  4.55302  0.61958  0.77255  0.53760  0.87743
    119   2.99864  4.42994  4.27486  3.88966  3.34680  4.02022  4.62604  1.13125  3.71693  1.94224  3.28953  4.14090  4.45609  4.06997  3.91833  3.51207  3.29884  1.84687  5.22846  3.96265    164 i - - -
          2.68618  4.42225  2.77519  2.73123  3.46354  2.40513  3.72494  3.29354  2.67741  2.69355  4.24690  2.90347  2.73739  3.18146  2.89801  2.37887  2.77519  2.98518  4.58477  3.61503
          0.03276  3.83068  4.55302  0.61958  0.77255  0.53760  0.87743
    120   2.94589  5.06572  0.97990  2.31134  4.43744  3.18006  3.89609  4.01636  2.97261  3.63248  4.61038  2.86531  3.82999  3.13569  3.48256  2.91349  3.28383  3.66025  5.61411  4.31816    165 d - - -
          2.68618  4.42225  2.77519  2.73123  3.46354  2.40513  3.72494  3.29354  2.67741  2.69355  4.24690  2.90347  2.73739  3.18146  2.89801  2.37887  2.77519  2.98518  4.58477  3.61503
          0.03804  3.83068  4.15852  0.61958  0.77255  0.53760  0.87743
    121   2.60897  4.38805  3.27304  3.16700  4.30828  0.80530  4.28934  3.89724  3.34179  3.55710  4.53315  3.43756  3.77768  3.66981  3.58219  2.77970  3.08660  3.43470  5.41501  4.40890    166 g - - -
          2.68618  4.42225  2.77519  2.73123  3.46354  2.40513  3.72494  3.29354  2.67741  2.69355  4.24690  2.90347  2.73739  3.18146  2.89801  2.37887  2.77519  2.98518  4.58477  3.61503
          0.03293  3.82557  4.54791  0.61958  0.77255  0.54183  0.87152
    122   2.48263  4.81582  1.94467  2.25290  4.33713  3.12999  3.71799  3.79159  2.64915  3.38993  4.22277  2.69764  3.72679  2.89424  3.14804  1.96020  2.91383  3.37992  5.59306  4.20314    167 d - - -
          2.68618  4.42225  2.77519  2.73123  3.46354  2.40513  3.72494  3.29354  2.67741  2.69355  4.24690  2.90347  2.73739  3.18146  2.89801  2.37887  2.77519  2.98518  4.58477  3.61503
          0.03293  3.82557  4.54791  0.61958  0.77255  0.54183  0.87152
    123   1.56732  4.09514  3.28454  3.01985  4.12149  2.88218  4.10149  3.44476  3.06990  3.21380  4.08342  3.20087  3.62110  3.38165  3.37465  1.67156  2.64257  2.97071  5.49527  4.26182    168 a - - -
          2.68618  4.42225  2.77519  2.73123  3.46354  2.40513  3.72494  3.29354  2.67741  2.69355  4.24690  2.90347  2.73739  3.18146  2.89801  2.37887  2.77519  2.98518  4.58477  3.61503
          0.03293  3.82557  4.54791  0.61958  0.77255  0.54183  0.87152
    124   3.10347  4.58015  4.11376  3.75430  3.11935  3.92178  4.42478  2.32193  3.52247  0.93523  3.15860  4.03422  4.36582  3.90206  3.70585  3.48847  3.40021  2.34690  4.98071  3.69291    169 l - - -
          2.68618  4.42225  2.77519  2.73123  3.46354  2.40513  3.72494  3.29354  2.67741  2.69355  4.24690  2.90347  2.73739  3.18146  2.89801  2.37887  2.77519  2.98518  4.58477  3.61503
          0.03293  3.82557  4.54791  0.61958  0.77255  0.54183  0.87152
    125   2.95409  4.79482  3.44011  2.96215  4.13754  3.44996  3.79294  3.67672  2.22233  3.20126  4.20350  3.32505  3.95557  3.01632  1.05259  3.04101  3.22374  3.40291  5.24011  4.07593    170 r - - -
          2.68618  4.42225  2.77519  2.73123  3.46354  2.40513  3.72494  3.29354  2.67741  2.69355  4.24690  2.90347  2.73739  3.18146  2.89801  2.37887  2.77519  2.98518  4.58477  3.61503
          0.03293  3.82557  4.54791  0.61958  0.77255  0.54183  0.87152
    126   2.77237  4.94463  3.01252  2.50730  4.16718  3.45758  2.86602  3.66819  2.06806  3.19063  4.03890  2.98178  3.86256  2.10872  2.11715  2.78010  2.98063  3.34665  5.28967  3.98767    171 k - - -
          2.68618  4.42225  2.77519  2.73123  3.46354  2.40513  3.72494  3.29354  2.67741  2.69355  4.24690  2.90347  2.73739  3.18146  2.89801  2.37887  2.77519  2.98518  4.58477  3.61503
          0.03293  3.82557  4.54791  0.61958  0.77255  0.54183  0.87152
    127   2.38906  4.23374  3.38799  3.13887  3.92893  3.07430  4.15957  3.05041  3.08090  2.91552  3.96979  3.35517  3.77468  3.47830  3.34131  2.58990  1.25401  2.75040  5.37092  4.14582    172 t - - -
          2.68618  4.42225  2.77519  2.73123  3.46354  2.40513  3.72494  3.29354  2.67741  2.69355  4.24690  2.90347  2.73739  3.18146  2.89801  2.37887  2.77519  2.98518  4.58477  3.61503
          0.03293  3.82557  4.54791  0.61958  0.77255  0.54183  0.87152
    128   3.09871  4.49330  4.48342  3.92225  3.06657  4.29546  4.59015  1.88094  3.77464  1.22326  2.30949  4.22805  4.53304  3.98438  3.96880  3.62291  3.32661  2.10077  5.07172  3.95275    173 l - - -
          2.68618  4.42225  2.77519  2.73123  3.46354  2.40513  3.72494  3.29354  2.67741  2.69355  4.24690  2.90347  2.73739  3.18146  2.89801  2.37887  2.77519  2.98518  4.58477  3.61503
          0.03293  3.82557  4.54791  0.61958  0.77255  0.54183  0.87152
    129   2.68598  4.67956  2.68504  2.56623  4.03586  3.15362  3.88559  3.73697  2.78582  3.38945  4.34564  1.24391  3.80359  3.15898  3.13826  2.75543  3.06674  3.36392  5.34730  3.98812    174 n - - -
          2.68618  4.42225  2.77519  2.73123  3.46354  2.40513  3.72494  3.29354  2.67741  2.69355  4.24690  2.90347  2.73739  3.18146  2.89801  2.37887  2.77519  2.98518  4.58477  3.61503
          0.03293  3.82557  4.54791  0.61958  0.77255  0.54183  0.87152
    130   3.09677  4.51244  4.42982  3.91183  3.10134  4.24977  4.58899  1.86659  3.71727  1.12424  2.97260  4.20717  4.53891  3.99453  3.92012  3.61118  3.34653  2.00338  5.09586  3.89120    175 l - - -
          2.68618  4.42225  2.77519  2.73123  3.46354  2.40513  3.72494  3.29354  2.67741  2.69355  4.24690  2.90347  2.73739  3.18146  2.89801  2.37887  2.77519  2.98518  4.58477  3.61503
          0.03293  3.82557  4.54791  0.61958  0.77255  0.54183  0.87152
    131   2.85029  5.36968  1.54530  1.68690  4.65083  3.15239  3.68623  4.15388  2.68843  3.67992  4.53472  2.57112  3.76795  2.85530  3.26546  2.74644  3.13804  3.74419  5.84601  4.35627    176 d - - -
          2.68618  4.42225  2.77519  2.73123  3.46354  2.40513  3.72494  3.29354  2.67741  2.69355  4.24690  2.90347  2.73739  3.18146  2.89801  2.37887  2.77519  2.98518  4.58477  3.61503
          0.05489  3.82066  3.45795  0.61958  0.77255  0.54183  0.87152
    132   2.58241  4.69311  2.16480  2.39854  3.96157  3.29813  3.66185  3.28370  2.50162  2.98665  3.86790  2.90541  3.77981  2.84568  2.74421  2.63617  2.85029  2.48450  5.28615  3.94678    177 d - - -
          2.68618  4.42225  2.77519  2.73123  3.46354  2.40513  3.72494  3.29354  2.67741  2.69355  4.24690  2.90347  2.73739  3.18146  2.89801  2.37887  2.77519  2.98518  4.58477  3.61503
          0.06795  3.79271  3.14279  0.61958  0.77255  0.55878  0.84841
    133   2.77754  5.24129  1.84880  1.70901  4.52215  3.16828  3.63062  3.99388  2.38538  3.52798  4.36805  2.64028  3.74443  2.79096  3.07665  2.69593  3.04835  3.60359  5.70567  4.25839    178 e - - -
          2.68618  4.42225  2.77519  2.73123  3.46354  2.40513  3.72494  3.29354  2.67741  2.69355  4.24690  2.90347  2.73739  3.18146  2.89801  2.37887  2.77519  2.98518  4.58477  3.61503
          0.02383  3.74859        *  0.61958  0.77255  0.00000        *
//
